Year        Month        Tmax        Tmin        PAR        Prec        CO2
1800-1970        1        -6.318        -20.2199        170.3047        17.1704        325.06
1800-1970        2        -0.0421        -12.9837        230.2687        70.8694        325.98
1800-1970        3        2.9269        -7.3654        329.7075        68.5797        326.93
1800-1970        4        12.4475        -0.6992        451.4861        100.2207        328.13
1800-1970        5        19.6208        6.6478        486.0121        92.0492        328.08
1800-1970        6        23.1068        9.85        569.1668        105.4748        327.67
1800-1970        7        25.857        13.1161        548.801        56.5249        326.34
1800-1970        8        26.0694        11.5118        500.2661        95.596        324.69
1800-1970        9        20.6484        8.964        349.8303        106.779        323.1
1800-1970        10        15.5633        4.4105        226.6121        74.4128        323.06
1800-1970        11        7.9629        -0.8973        135.6304        72.0635        324.01
1800-1970        12        -2.3874        -11.6935        119.7789        103.006        325.13
1971        1        -4.5111        -17.3603        159.1419        46.2601        326.17
1971        2        -0.6152        -11.3737        203.4812        117.2989        326.68
1971        3        2.0277        -8.0715        341.3141        86.5986        327.17
1971        4        9.4598        -2.6409        425.0036        54.1848        327.79
1971        5        18.2196        4.6329        467.7517        99.9224        328.93
1971        6        24.8985        9.264        604.2588        67.8333        328.57
1971        7        25.7868        11.378        571.3838        105.2069        327.36
1971        8        24.7371        11.1868        470.2622        174.3943        325.43
1971        9        21.779        10.6303        360.4901        64.5011        323.36
1971        10        17.706        5.3609        219.9096        65.446        323.56
1971        11        5.3574        -3.698        164.5822        114.9427        324.8
1971        12        1.5497        -8.0311        119.4002        97.8032        326.01
1972        1        -0.0599        -12.6373        154.6938        47.493        326.77
1972        2        -1.8019        -14.0734        233.0811        93.9113        327.63
1972        3        2.2137        -7.5363        294.0353        113.6677        327.75
1972        4        8.8136        -3.3421        441.9365        93.9686        329.72
1972        5        19.4687        6.1622        450.596        138.8142        330.07
1972        6        21.0907        10.7199        473.2188        187.9945        329.09
1972        7        25.3713        13.4068        507.6564        118.9099        328.04
1972        8        23.6577        10.9687        465.3658        69.6619        326.32
1972        9        20.7691        7.2847        351.0693        45.9795        324.84
1972        10        11.7103        0.0829        234.9482        90.0875        325.2
1972        11        3.8652        -3.5479        144.8298        205.6308        326.5
1972        12        0.5812        -7.6743        92.3133        166.917        327.55
1973        1        0.5021        -10.4627        151.1432        76.8937        328.55
1973        2        -1.2274        -13.1678        241.4706        57.8448        329.56
1973        3        7.9469        -2.1627        284.1039        71.3721        330.3
1973        4        12.7324        1.346        405.7162        127.3139        331.5
1973        5        16.7425        5.4497        439.1032        166.1701        332.48
1973        6        24.1827        12.0536        526.7694        171.088        332.07
1973        7        26.5682        13.6329        549.237        71.1443        330.87
1973        8        26.9298        14.2222        482.2822        83.1523        329.31
1973        9        20.572        7.1797        379.8257        57.0294        327.51
1973        10        15.7477        1.9891        252.8797        62.3281        327.18
1973        11        6.9845        -2.0415        135.7809        63.9735        328.16
1973        12        1.8277        -7.5228        95.6458        221.5196        328.64
1974        1        -0.4425        -11.0422        151.1432        69.9082        329.35
1974        2        -1.3336        -13.617        241.4706        71.9333        330.71
1974        3        3.7033        -6.4889        284.1039        95.5822        331.48
1974        4        14.0346        0.3143        405.7162        71.1424        332.65
1974        5        16.7689        4.5937        439.1032        123.3057        333.19
1974        6        23.2924        10.1214        526.7694        79.4641        332.2
1974        7        25.6027        12.4957        549.237        105.027        331.07
1974        8        25.1595        11.6373        482.2822        102.4217        329.15
1974        9        19.3511        7.423        379.8257        155.2135        327.33
1974        10        12.1065        -1.0875        252.8797        36.107        327.28
1974        11        7.4166        -2.3864        154.0636        120.8646        328.31
1974        12        1.7697        -6.5067        100.4692        76.0233        329.58
1975        1        0.6045        -10.3962        141.616        92.4801        330.73
1975        2        -0.0989        -11.0993        240.0286        94.184        331.46
1975        3        2.8841        -7.3775        312.5436        76.3554        331.94
1975        4        8.4291        -2.8298        430.058        80.6211        333.11
1975        5        22.5718        7.4147        490.2135        65.6697        333.95
1975        6        22.8862        10.9322        545.4797        120.7088        333.42
1975        7        26.9411        14.3242        548.9041        153.6208        331.97
1975        8        24.7879        12.41        483.6305        173.4219        329.95
1975        9        18.5793        7.2709        376.5219        153.0147        328.5
1975        10        15.7263        3.8762        256.1147        149.1659        328.36
1975        11        10.3465        -0.1352        137.1935        122.0443        329.38
1975        12        -0.1172        -10.4236        105.9242        93.8119        330.62
1976        1        -4.1424        -17.0669        142.5434        108.9083        331.56
1976        2        3.0946        -9.728        216.2681        91.4742        332.74
1976        3        6.1079        -6.441        322.3325        92.3501        333.36
1976        4        14.2633        0.6144        478.7199        99.0274        334.74
1976        5        17.8605        4.283        525.3443        149.7968        334.72
1976        6        25.3548        12.433        533.1986        104.3102        333.98
1976        7        24.1147        11.9741        550.0426        125.552        333.08
1976        8        24.1945        11.1008        464.8316        163.3286        330.68
1976        9        19.778        6.3088        346.7845        87.4739        328.96
1976        10        12.1257        1.0892        233.4798        143.4766        328.72
1976        11        4.6366        -4.2585        153.051        40.4095        330.16
1976        12        -1.7111        -13.7117        113.6981        53.8374        331.62
1977        1        -5.1821        -16.9762        146.5786        48.9875        332.68
1977        2        -0.8922        -11.2772        219.7234        71.4887        333.17
1977        3        7.9013        -3.381        325.0473        153.825        334.96
1977        4        13.2259        -0.4581        453.9171        109.6713        336.14
1977        5        22.0343        5.6417        479.9841        68.6787        336.93
1977        6        21.5802        9.7843        547.917        115.3261        336.17
1977        7        26.0713        12.3547        524.6887        58.2693        334.88
1977        8        24.3091        11.841        464.4813        101.8857        332.56
1977        9        19.1922        9.3065        376.851        159.2279        331.29
1977        10        13.6716        1.9821        234.0964        143.9387        331.28
1977        11        8.2614        -0.1906        181.55        115.5276        332.46
1977        12        -1.1339        -10.2448        136.3764        132.5581        333.6
1978        1        -3.322        -13.3085        171.1761        161.5048        334.94
1978        2        -3.9985        -17.5596        232.4646        23.3477        335.26
1978        3        2.314        -9.1087        314.4901        64.2926        336.66
1978        4        9.8367        -1.9084        456.1333        52.9276        337.69
1978        5        19.7827        5.9215        580.6655        60.3824        338.02
1978        6        23.093        9.3431        554.6333        118.4442        338.01
1978        7        25.8344        11.5385        534.5724        72.4944        336.5
1978        8        24.5327        12.6422        464.6342        103.6849        334.42
1978        9        19.6425        5.0698        321.2763        55.3058        332.36
1978        10        13.738        1.1122        223.2698        93.957        332.45
1978        11        7.9135        -4.0023        133.8102        48.0692        333.76
1978        12        0.7831        -9.4871        113.8409        101.2343        334.91
1979        1        -2.3398        -11.7826        111.9976        191.7914        336.14
1979        2        -6.4829        -17.7272        256.0695        55.2908        336.69
1979        3        6.9593        -4.0364        298.7562        70.5804        338.27
1979        4        11.1379        -0.464        410.842        111.8049        338.82
1979        5        19.3384        7.3244        473.1969        135.056        339.24
1979        6        23.2066        9.2382        603.6559        30.3906        339.26
1979        7        26.5798        13.4885        549.2669        107.8059        337.54
1979        8        24.0306        12.1735        435.1486        93.268        335.72
1979        9        20.9158        6.5828        397.3827        110.3484        333.97
1979        10        13.1318        3.0206        213.7168        98.8835        334.24
1979        11        9.8224        -0.1049        138.2829        95.7166        335.32
1979        12        2.758        -7.367        127.8168        47.9887        336.82
1980        1        -0.9022        -11.255        161.7693        18.031        337.9
1980        2        -2.2773        -14.49        251.9784        22.3908        338.34
1980        3        3.9526        -7.0501        307.5831        122.3504        340.07
1980        4        12.5738        0.3237        388.3184        93.4485        340.93
1980        5        20.3935        5.2213        556.8741        34.9538        341.45
1980        6        21.8663        8.0745        553.9688        113.6127        341.36
1980        7        26.3782        13.113        550.01        73.1083        339.45
1980        8        25.834        13.0417        469.008        85.9394        337.67
1980        9        21.5188        7.9785        405.4123        82.1472        336.25
1980        10        12.7009        1.455        244.0185        71.2351        336.14
1980        11        4.8177        -4.3167        153.6128        94.2805        337.3
1980        12        -1.7198        -14.8622        137.1679        39.3257        338.29
1981        1        -5.4652        -18.4983        178.5983        12.8371        339.29
1981        2        4.2189        -7.571        181.353        182.8835        340.55
1981        3        5.202        -5.6353        339.6549        13.8769        341.63
1981        4        13.8839        0.6945        423.8909        80.7424        342.6
1981        5        20.661        5.424        534.4264        92.1448        343.04
1981        6        23.717        10.4982        549.1909        82.2057        342.54
1981        7        25.7104        13.2224        515.4219        113.7616        340.82
1981        8        24.6043        11.1699        456.1212        78.1        338.48
1981        9        18.9709        8.3382        314.1249        135.0498        336.95
1981        10        12.0764        0.437        212.445        126.167        337.05
1981        11        7.2291        -2.4374        143.9198        55.5004        338.57
1981        12        -0.0902        -8.456        107.4709        112.2664        339.91
1982        1        -5.8784        -18.4692        143.537        82.113        340.93
1982        2        -0.6787        -13.0987        227.8652        90.491        341.76
1982        3        4.1392        -8.2347        337.3459        79.0818        342.78
1982        4        11.1061        -2.7427        481.809        82.5074        343.96
1982        5        20.7521        5.9454        496.739        65.9354        344.77
1982        6        20.9068        9.63        450.8227        179.2315        343.88
1982        7        26.5566        11.6848        602.9596        65.4848        342.42
1982        8        23.5528        9.9673        468.8875        76.1961        340.24
1982        9        21.1778        7.8425        356.5192        58.3635        338.38
1982        10        15.2375        1.1551        277.9358        43.1775        338.41
1982        11        9.4382        -0.8668        142.1164        108.1072        339.44
1982        12        4.3646        -6.1954        110.8382        50.8089        340.78
1983        1        -0.8921        -11.4902        154.3523        97.9844        341.57
1983        2        0.9262        -11.0712        234.525        71.4694        342.79
1983        3        4.9664        -3.9709        272.8623        122.8701        343.37
1983        4        10.9796        0.3864        345.6155        195.4497        345.4
1983        5        16.8684        5.1214        407.5542        188.0913        346.14
1983        6        25.0856        10.1968        599.025        62.646        345.76
1983        7        27.4144        12.8389        559.5124        41.1827        344.32
1983        8        25.5208        12.6047        488.2688        149.2946        342.5
1983        9        23.0464        8.043        431.6019        55.3442        340.46
1983        10        14.5119        2.4185        253.7493        82.9587        340.53
1983        11        7.2619        -2.0334        136.3977        176.6064        341.79
1983        12        -1.2609        -10.075        116.8838        179.2171        343.2
1984        1        -3.28        -14.622        152.927        41.8886        344.21
1984        2        3.3        -6.9725        188.7146        99.5451        344.92
1984        3        0.7273        -9.5947        338.3527        98.8049        345.68
1984        4        11.8742        0.3615        396.3235        109.9707        347.14
1984        5        16.9622        4.2532        440.0911        276.8602        347.78
1984        6        24.6458        10.4361        587.4742        56.9379        347.16
1984        7        25.0689        12.803        495.6178        144.2886        345.79
1984        8        25.7071        13.553        473.0793        88.1821        343.74
1984        9        20.0318        6.2795        382.5182        43.9279        341.59
1984        10        16.111        3.7394        256.1982        69.5235        341.86
1984        11        7.6571        -2.8129        163.1475        84.1461        343.31
1984        12        3.6024        -5.8823        112.244        99.2511        345
1985        1        -4.2422        -14.2528        153.2823        31.6718        345.48
1985        2        0.2877        -10.8748        215.5033        45.7454        346.42
1985        3        6.9178        -5.912        351.9569        81.9236        347.91
1985        4        13.3246        0.7832        480.7022        50.4232        348.66
1985        5        20.365        6.1127        507.1777        85.3001        349.28
1985        6        20.632        9.1457        467.4248        98.2593        348.65
1985        7        26.0908        12.3195        575.1673        54.7649        346.9
1985        8        24.3863        11.4162        437.2852        107.9205        345.26
1985        9        21.4563        8.7226        361.6783        98.4292        343.47
1985        10        15.1383        2.3967        236.7317        75.0686        343.35
1985        11        7.1206        -0.9502        105.7625        136.8552        344.73
1985        12        -1.6138        -10.9814        117.823        60.9871        346.12
1986        1        -1.0326        -12.5422        151.5069        103.0007        346.78
1986        2        -2.0554        -13.1831        210.1317        82.861        347.48
1986        3        6.3182        -6.0794        333.0498        101.84        348.25
1986        4        15.0284        1.4923        442.8838        42.2839        349.86
1986        5        21.0144        7.1179        501.8543        98.1801        350.52
1986        6        22.2338        8.9463        544.973        146.4265        349.98
1986        7        24.7883        13.1106        476.2618        159.5737        348.25
1986        8        23.6685        11.3637        441.2389        159.358        346.17
1986        9        19.3407        7.3999        345.4052        76.4917        345.48
1986        10        14.2835        1.9494        237.2115        57.0469        344.82
1986        11        5.7626        -4.189        136.311        136.4086        346.22
1986        12        1.3487        -6.7371        121.0636        121.5993        347.49
1987        1        -1.8412        -13.2975        140.2297        99.875        348.73
1987        2        -1.1622        -14.962        279.1927        4.7127        348.92
1987        3        6.9432        -5.9074        320.4482        58.8073        349.81
1987        4        14.0301        2.1337        362.7356        110.0749        351.4
1987        5        20.0722        5.7026        506.4951        44.8806        352.15
1987        6        23.7389        11.1964        532.1746        139.3023        351.59
1987        7        26.8846        13.8312        534.8765        74.025        350.21
1987        8        24.1933        10.3057        491.9533        101.5969        348.2
1987        9        19.4721        8.713        308.4324        183.5694        346.66
1987        10        13.669        0.2991        254.0452        161.2906        346.72
1987        11        7.7487        -3.2468        158.2476        64.794        348.08
1987        12        1.6969        -6.4454        113.505        56.8159        349.28
1988        1        -2.211        -14.4239        164.3615        49.2882        350.51
1988        2        -0.1329        -12.3055        232.0825        90.8398        351.7
1988        3        5.0742        -7.0069        373.4527        42.331        352.5
1988        4        11.5206        0.4149        392.4751        78.9621        353.67
1988        5        19.9927        6.5444        483.8593        86.3224        354.35
1988        6        23.7754        8.5368        612.8957        32.6997        353.88
1988        7        27.7325        14.6004        514.7662        140.4428        352.8
1988        8        26.5521        13.7438        495.7705        147.1692        350.49
1988        9        20.3423        6.3327        389.6203        53.2908        348.97
1988        10        11.9832        1.1761        217.9966        51.1694        349.37
1988        11        8.1781        -1.8764        139.8924        150.0388        350.43
1988        12        0.2001        -10.6981        135.8515        38.61        351.62
1989        1        1.4201        -9.9072        145.2684        27.6548        353.07
1989        2        -0.7157        -12.034        206.1713        64.7303        353.43
1989        3        4.9231        -7.6338        338.075        63.7385        354.08
1989        4        10.8029        -1.8647        446.8743        80.066        355.72
1989        5        19.9445        6.8419        449.5094        181.4598        355.95
1989        6        23.3863        11.7318        462.6878        162.9479        355.44
1989        7        25.9238        13.1814        513.3093        123.4478        354.05
1989        8        24.5992        11.9324        464.7364        128.5851        351.84
1989        9        21.3814        8.697        366.4935        107.8729        350.09
1989        10        15.456        2.6109        245.0291        144.7452        350.33
1989        11        7.0273        -2.9381        145.5142        99.0894        351.55
1989        12        -5.8279        -17.8047        150.0809        32.8089        352.91
1990        1        2.9139        -6.7647        131.1865        105.3629        353.86
1990        2        2.1672        -11.0453        213.3666        99.716        355.1
1990        3        7.3261        -6.1262        352.8182        86.6922        355.75
1990        4        12.614        0.6344        403.7429        111.2826        356.38
1990        5        16.9694        4.5703        426.6027        183.1993        357.38
1990        6        23.5244        10.6645        519.9675        86.9743        356.39
1990        7        26.4286        13.3936        547.5873        54.4106        354.89
1990        8        25.4419        13.2615        460.1647        218.5406        353.07
1990        9        20.6197        7.9061        364.6122        54.6992        351.38
1990        10        16.1809        4.436        234.3115        143.7148        351.69
1990        11        8.9016        -1.9985        170.7087        99.4726        353.14
1990        12        3.7644        -6.0266        101.9167        136.931        354.41
1991        1        -1.4415        -12.2443        155.1763        62.8783        354.93
1991        2        2.462        -8.9163        228.0458        44.964        355.82
1991        3        6.0534        -4.0224        283.4457        84.8688        357.33
1991        4        15.0875        1.458        431.0769        88.1487        358.77
1991        5        22.4811        7.1863        563.3383        95.6183        359.23
1991        6        25.3552        10.3301        611.1871        60.5262        358.23
1991        7        26.3845        12.3788        561.8653        67.0729        356.3
1991        8        26.0673        13.0782        450.0177        153.758        353.97
1991        9        20.4343        6.2727        384.356        124.3656        352.34
1991        10        16.3503        3.0378        268.7779        109.147        352.43
1991        11        7.5328        -1.8177        141.7741        104.0449        353.89
1991        12        1.6863        -9.2149        126.052        91.2801        355.21
1992        1        -0.8485        -11.497        152.3912        46.6051        356.34
1992        2        0.2597        -10.7149        215.7925        48.6734        357.21
1992        3        2.9154        -8.3247        321.7622        71.0329        357.97
1992        4        10.6561        -1.0925        416.2551        78.9418        359.22
1992        5        19.9666        4.4401        552.153        85.3405        359.71
1992        6        22.8734        8.8555        575.6104        92.5709        359.43
1992        7        23.532        11.3082        512.4429        122.9039        357.15
1992        8        23.545        11.1791        457.1202        105.2199        354.98
1992        9        20.7912        7.7312        396.5787        90.2715        353.01
1992        10        12.1633        0.3329        261.3804        75.7139        353.41
1992        11        5.7064        -2.5929        129.2028        126.9384        354.42
1992        12        1.2237        -8.1014        113.0105        79.1814        355.68
1993        1        0.0285        -9.6269        138.1149        64.9459        357.1
1993        2        -3.2811        -17.1422        255.2807        85.6023        357.42
1993        3        3.7106        -9.0215        316.2521        129.7326        358.59
1993        4        13.0312        0.2013        377.9673        138.8551        359.39
1993        5        20.2401        5.7374        548.053        36.8266        360.3
1993        6        23.5244        9.3335        563.0799        93.6313        359.64
1993        7        26.9625        13.0761        545.5095        82.6136        357.46
1993        8        25.993        12.9081        483.5326        76.3992        355.76
1993        9        19.5229        8.1796        320.962        109.677        354.14
1993        10        13.4419        0.9163        251.3311        81.6764        354.23
1993        11        7.7048        -3.8489        151.666        112.917        355.53
1993        12        0.5666        -8.9152        124.8959        96.3963        357.03
1994        1        -6.1991        -19.2084        150.7782        105.1912        358.36
1994        2        -3.0119        -16.0618        238.7602        49.2315        359.04
1994        3        3.4666        -6.781        305.0281        124.0752        360.11
1994        4        13.1958        0.1603        437.8163        90.6305        361.36
1994        5        18.5335        4.8808        495.8086        114.9899        361.78
1994        6        24.927        12.2541        544.6198        92.9861        360.94
1994        7        26.6994        15.3543        512.2316        135.7886        359.51
1994        8        23.7265        11.5551        455.6975        136.0206        357.59
1994        9        19.7147        7.8933        339.6687        87.7684        355.86
1994        10        15.3754        1.4904        281.4757        21.8217        356.21
1994        11        10.1651        -1.356        169.5311        78.3892        357.65
1994        12        3.3119        -7.0527        137.4554        101.956        359.1
1995        1        1.2573        -7.1299        119.8669        72.4105        360.04
1995        2        -1.4511        -13.8603        239.8084        81.521        361
1995        3        7.13        -4.2028        321.1056        59.0033        361.98
1995        4        10.3464        -1.8374        456.9341        57.1541        363.44
1995        5        18.2536        5.2992        462.5815        48.3724        363.83
1995        6        25.3514        10.3497        612.6172        45.0022        363.33
1995        7        27.71        14.8646        536.5447        87.8102        361.78
1995        8        26.3887        12.1015        523.5379        99.1027        359.33
1995        9        20.375        6.049        391.9201        76.4343        358.32
1995        10        17.0793        4.1101        234.7269        230.1142        358.14
1995        11        4.9356        -3.5275        126.5415        128.4167        359.61
1995        12        -2.1349        -10.5799        115.1136        74.2853        360.82
1996        1        -2.0838        -13.327        140.9788        131.8301        362.2
1996        2        -0.9465        -11.1971        209.9409        63.6805        363.36
1996        3        3.8148        -8.6246        365.848        52.331        364.28
1996        4        11.6078        0.094        384.9801        170.6814        364.69
1996        5        17.6263        4.8173        484.5018        136.371        365.25
1996        6        23.6959        12.4528        486.0917        99.4591        365.06
1996        7        24.5608        13.2208        508.2027        193.5984        363.69
1996        8        25.7072        12.9096        501.4394        57.3271        361.55
1996        9        20.8672        9.787        320.0845        124.0526        359.69
1996        10        14.3144        2.2712        261.0103        103.5993        359.72
1996        11        4.9674        -4.3782        143.5913        99.4424        361.04
1996        12        2.7359        -4.3341        73.4512        161.5526        362.39
1997        1        -1.6899        -12.1379        144.3264        68.6565        363.24
1997        2        2.2427        -9.0819        226.1554        64.0292        364.21
1997        3        3.4132        -7.4676        308.6829        105.8816        364.65
1997        4        11.1141        -1.4992        461.6412        100.8117        366.48
1997        5        16.3444        4.1602        454.5108        90.3435        366.77
1997        6        24.674        10.2417        569.451        37.5103        365.73
1997        7        25.8831        12.1707        585.7044        71.2662        364.46
1997        8        24.2343        11.4689        448.3166        151.9155        362.4
1997        9        20.2982        7.8127        360.9065        84.5095        360.44
1997        10        13.918        1.0864        269.4698        58.5993        360.98
1997        11        5.2216        -3.2283        129.5892        159.1682        362.65
1997        12        0.9396        -7.7006        119.6534        78.4307        364.51
1998        1        0.6168        -8.5927        127.2846        124.857        365.39
1998        2        2.9197        -7.6887        226.8318        66.2668        366.1
1998        3        6.3655        -4.3679        286.7695        87.7077        367.36
1998        4        13.6256        0.3685        450.7274        76.7669        368.79
1998        5        21.6508        7.5978        510.5934        100.6296        369.56
1998        6        21.9962        10.8303        448.9795        223.9621        369.13
1998        7        25.5875        12.9024        533.4842        85.0182        367.98
1998        8        25.6781        12.611        467.3858        79.3092        366.1
1998        9        22.0274        8.7344        391.8528        69.0133        364.16
1998        10        14.2948        3.3415        231.4569        93.431        364.54
1998        11        6.938        -1.2642        159.3027        69.7462        365.67
1998        12        4.2865        -5.9819        126.2784        43.8355        367.3
1999        1        -1.554        -12.6387        124.1437        146.0854        368.35
1999        2        1.6959        -9.8086        238.5569        46.2242        369.28
1999        3        4.793        -5.7414        333.3144        115.5562        369.84
1999        4        12.6026        -0.3415        479.5752        22.4262        371.15
1999        5        20.8429        5.8938        559.3703        102.8567        371.12
1999        6        25.9831        11.587        598.3298        55.946        370.46
1999        7        27.965        14.2127        584.1025        74.1788        369.61
1999        8        24.8979        11.6833        483.7576        92.395        367.06
1999        9        22.6124        9.8402        350.0309        206.581        364.95
1999        10        14.0924        1.1167        264.2484        85.7796        365.52
1999        11        9.988        -0.1955        157.1409        75.2621        366.88
1999        12        2.4913        -6.563        133.8537        41.2853        368.26
2000        1        -2.2044        -13.634        147.8131        90.0288        369.45
2000        2        1.2974        -10.6012        214.8777        88.1258        369.71
2000        3        8.3918        -3.7792        337.3164        90.812        370.75
2000        4        10.8078        -0.0182        348.1125        137.8211        371.98
2000        5        19.1291        5.8692        457.727        136.727        371.75
2000        6        22.6232        10.3171        488.7115        150.6674        371.87
2000        7        23.8684        11.4213        480.5166        150.3839        370.02
2000        8        23.9335        11.6627        448.0008        126.7767        368.27
2000        9        20.3727        7.0085        396.6341        69.8948        367.15
2000        10        14.6362        2.3011        252.2213        73.2099        367.18
2000        11        6.4198        -2.0914        148.4645        72.3115        368.53
2000        12        -2.1477        -11.5762        132.5483        133.0505        369.83
2001        1        -1.2013        -12.9719        145.8061        40.3535        370.76
2001        2        0.3847        -11.5851        226.839        73.0715        371.69
2001        3        1.9904        -7.3644        307.4865        167.239        372.63
2001        4        12.9599        -0.6269        499.6613        33.0276        373.55
2001        5        20.2132        6.0394        512.2118        78.575        374.03
2001        6        24.6665        11.3423        564.9461        134.4374        373.4
2001        7        24.4302        11.2256        564.0829        98.9592        371.68
2001        8        27.2382        13.3399        511.3443        54.6288        369.78
2001        9        21.8047        7.778        405.9907        99.9006        368.34
2001        10        16.1419        2.7081        277.467        28.571        368.61
2001        11        10.4114        -0.4538        159.7224        55.056        369.94
2001        12        4.0056        -4.5176        124.3963        77.0057        371.42
2002        1        2.028        -7.4439        129.5359        56.8741        372.7
2002        2        3.2958        -9.4793        241.0991        82.1307        373.37
2002        3        5.5667        -5.4047        312.8385        104.4148        374.3
2002        4        13.1383        0.9928        429.7297        103.0412        375.19
2002        5        17.4421        4.3874        501.3065        137.7026        375.93
2002        6        22.919        9.7553        526.2862        157.3329        375.69
2002        7        26.7542        13.5777        593.4573        40.6844        374.16
2002        8        27.0697        13.1666        525.7197        89.447        372.03
2002        9        23.3027        9.681        400.3184        101.5633        370.92
2002        10        12.6645        1.8103        226.408        102.511        370.73
2002        11        6.0002        -2.5297        130.7467        141.3204        372.43
2002        12        0.045        -8.7762        130.3975        111.3501        373.98
2003        1        -5.2898        -15.8564        171.5164        71.7132        375.07
2003        2        -3.1489        -14.2301        228.038        65.3786        375.82
2003        3        5.1359        -7.7959        326.9445        60.7144        376.64
2003        4        10.2072        -1.4978        425.9641        85.7506        377.92
2003        5        17.4171        5.1352        428.9702        131.4923        378.78
2003        6        22.2654        10.2392        518.9269        88.7412        378.46
2003        7        26.0454        13.477        513.5087        112.0297        376.88
2003        8        25.8122        13.9965        431.6001        174.976        374.57
2003        9        21.6104        9.1837        337.9788        160.5317        373.34
2003        10        13.7061        1.3972        236.1663        135.9619        373.31
2003        11        8.8167        -1.2148        143.4801        122.7304        374.84
2003        12        1.5238        -7.9893        116.7548        173.443        376.17
2004        1        -6.9108        -16.5624        157.5626        37.3776        377.17
2004        2        0.329        -12.1378        270.0514        42.6396        378.05
2004        3        5.7238        -4.7317        322.2906        46.7779        379.06
2004        4        12.6621        0.2889        441.0001        108.517        380.54
2004        5        20.2212        6.5657        485.4281        155.401        380.8
2004        6        22.6298        9.1495        593.5042        65.0905        379.87
2004        7        24.5677        13.0971        467.0151        156.6657        377.65
2004        8        24.1666        12.2394        425.4335        164.6278        376.17
2004        9        21.4746        8.92        376.3456        138.1272        374.43
2004        10        14.0818        2.5497        261.6166        48.3265        374.63
2004        11        7.9344        -2.69        154.268        96.3639        376.33
2004        12        0.9712        -9.21        114.5401        122.0626        377.68
2005        1        -3.2196        -13.9976        148.6971        99.6356        378.63
2005        2        0.5433        -11.5599        246.0343        57.3246        379.91
2005        3        2.8154        -8.3966        362.2306        104.3012        380.95
2005        4        14.3167        0.1396        465.4948        114.3927        382.48
2005        5        16.1141        3.8645        461.4369        67.0184        382.64
2005        6        25.7379        12.5202        538.5903        147.985        382.4
2005        7        26.4506        13.9458        538.2486        105.9158        380.93
2005        8        26.8109        14.0002        459.7862        92.613        378.93
2005        9        23.4814        9.6374        400.1328        73.3644        376.89
2005        10        14.484        4.2338        186.5373        224.3219        377.19
2005        11        9.2539        -2.0394        154.1147        158.342        378.54
2005        12        -0.6966        -9.218        125.2306        101.2589        380.31
2006        1        2.9167        -7.8754        127.1575        127.5299        381.58
2006        2        0.529        -10.8028        244.2414        55.7189        382.4
2006        3        5.5091        -6.2658        373.5145        36.5102        382.86
2006        4        14.0666        0.3109        460.1798        112.4774        384.8
2006        5        18.5669        6.6214        423.9413        177.4028        385.22
2006        6        22.7492        11.934        416.0583        232.1685        384.24
2006        7        27.3192        14.6926        540.0557        122.8281        382.65
2006        8        24.5767        11.8758        480.6206        114.3536        380.6
2006        9        20.2784        8.1093        324.5906        85.5069        379.04
2006        10        14.0372        2.0847        228.002        173.3672        379.33
2006        11        10.1431        0.6346        134.1301        111.482        380.35
2006        12        4.8279        -4.5396        115.6242        83.8674        382.02
2007        1        0.4955        -10.0477        146.2928        84.1916        383.1
2007        2        -3.5316        -14.6267        260.8954        72.3764        384.12
2007        3        5.2407        -7.0118        362.1523        98.7821        384.81
2007        4        10.4936        -0.5827        369.1048        139.2885        386.73
2007        5        21.136        6.1167        580.1851        85.1456        386.78
2007        6        24.2963        10.9556        592.9536        88.8433        386.33
2007        7        25.6322        12.8967        530.3542        123.1468        384.73
2007        8        25.865        12.2755        513.2637        58.2378        382.24
2007        9        23.2211        8.9358        419.3916        78.1399        381.2
2007        10        17.79        5.7291        242.6031        144.7165        381.37
2007        11        6.477        -3.349        150.2996        106.1871        382.7
2007        12        -0.1735        -8.738        99.2793        127.8975        384.19
2008        1        0.8106        -10.1506        150.3282        49.9056        385.78
2008        2        0.1893        -10.7088        189.9232        189.4825        386.06
2008        3        3.9779        -6.7805        326.4827        152.9447        386.28
2008        4        14.8758        1.1076        495.7048        88.496        387.34
2008        5        18.6112        4.2713        539.1044        39.9078        388.78
2008        6        24.6853        12.2804        517.2688        151.4805        387.99
2008        7        26.6516        14.4036        518.5294        173.3929        386.6
2008        8        24.0095        11.4093        483.035        125.8177        384.32
2008        9        21.4247        9.286        363.9709        117.5533        383.41
2008        10        14.0605        1.3697        263.9793        119.7801        383.21
2008        11        6.6774        -2.0469        150.4833        72.6371        384.41
2008        12        1.6298        -8.6741        96.3994        185.0581        385.79
2009        1        -4.1959        -15.2947        171.0818        74.1577        387.17
2009        2        1.1188        -10.9154        238.8591        40.7029        387.7
2009        3        5.3635        -6.2086        350.0034        72.3027        389.04
2009        4        13.9908        0.7598        450.4473        61.2766        389.76
2009        5        19.1316        5.8526        476.5704        123.2702        390.36
2009        6        21.2256        10.284        463.9106        135.8836        389.7
2009        7        23.5485        12.0691        479.7977        198.0882        388.25
2009        8        25.5294        13.2341        464.1294        149.7098        386.29
2009        9        20.4167        7.14        390.6992        48.0565        384.95
2009        10        12.6505        1.7712        203.1614        132.4606        384.64
2009        11        9.9168        -0.1735        154.4501        76.1822        386.23
2009        12        0.0705        -8.1523        120.6776        100.3713        387.63
2010        1        -1.4352        -10.6439        149.7929        50.2755        388.91
2010        2        0.4369        -8.6946        207.2253        116.8759        390.41
2010        3        8.6085        -2.4665        296.2925        109.4303        391.37
2010        4        15.9872        1.5324        470.814        46.7048        392.67
2010        5        21.9824        7.1379        560.452        64.4957        393.21
2010        6        23.9        11.6999        501.6867        127.5511        392.38
2010        7        28.2206        14.9377        569.6329        88.3931        390.41
2010        8        26.1559        13.0282        466.0908        89.8704        388.54
2010        9        22.4377        10.0748        364.0289        62.4106        387.03
2010        10        14.6054        2.9206        236.8489        212.8291        387.43
2010        11        7.6231        -2.0166        156.5153        89.1354        388.87
2010        12        -0.7968        -9.028        119.5782        109.5225        389.99
2011        1        -3.3007        -13.0853        152.7563        66.6949        391.5
2011        2        -0.0636        -12.8211        215.7465        115.4554        392.05
2011        3        4.4561        -6.1267        320.647        104.6474        392.8
2011        4        12.6248        1.3402        397.7268        136.2112        393.44
2011        5        19.9705        8.0151        428.1334        171.4105        394.41
2011        6        23.1953        10.836        530.7015        126.3792        393.95
2011        7        27.786        14.293        591.4717        72.6033        392.72
2011        8        25.3922        13.1418        431.5446        245.4912        390.33
2011        9        22.1651        10.9062        324.1265        172.2441        389.28
2011        10        15.0502        4.1781        220.492        139.4506        389.19
2011        11        11.222        -0.1986        173.4906        76.6681        390.48
2011        12        4.4319        -5.5603        124.0175        108.4199        392.06
2012        1        1.3606        -9.455        148.2951        67.6319        393.31
2012        2        3.452        -8.1426        235.1796        32.8796        394.04
2012        3        10.7804        -1.2503        340.2805        39.7844        394.59
2012        4        14.1958        0.8916        500.5953        84.3524        396.38
2012        5        21.0118        8.7148        467.4566        154.2337        396.93
2012        6        23.3525        10.9867        564.7978        108.9999        395.91
2012        7        27.6434        14.2634        584.8268        114.1915        394.56
2012        8        26.8739        13.4721        503.018        116.9748        392.59
2012        9        21.2306        8.6351        380.0096        127.4901        391.32
2012        10        15.7186        5.1034        187.6771        102.4221        391.27
2012        11        6.6184        -3.1457        180.5083        36.9116        393.2
2012        12        2.9529        -5.1177        93.7977        136.0927        394.57
2013        1        0.0268        -11.1116        156.992        41.3356        395.78
2013        2        -0.4136        -10.0029        208.4471        79.4631        397.03
2013        3        4.1377        -5.5973        321.9776        65.9066        397.66
2013        4        12.6355        -0.2162        489.4915        61.3716        398.64
2013        5        20.8102        6.2868        522.9878        162.2561        400.02
2013        6        23.7229        11.4887        492.5419        254.4869        398.81
2013        7        27.4742        15.798        491.2084        138.4949        397.51
2013        8        24.8692        11.95        468.5834        85.1733        395.39
2013        9        21.1579        7.5171        408.8207        116.7649        393.72
2013        10        15.9414        3.4432        252.605        50.6542        393.9
2013        11        6.5117        -3.806        175.1279        74.9638        395.36
2013        12        0.2023        -8.9518        97.5061        110.8322        397.03
2014        1        -2.5911        -13.5402        152.2004        75.3934        398.04
2014        2        -1.7686        -13.0581        230.1204        102.3438        398.27
2014        3        1.5787        -10.2231        353.3952        86.719        399.91
2014        4        12.7911        -0.3871        471.3134        93.6448        401.51
2014        5        19.8585        6.648        495.5859        104.4899        401.96
2014        6        24.3577        11.2318        569.122        114.4651        401.43
2014        7        26.1292        13.8126        551.7268        167.2479        399.38
2014        8        24.577        11.7465        469.7358        91.9688        397.32
2014        9        22.2867        8.5887        399.3628        29.9014        395.64
2014        10        15.7762        5.2266        210.4447        130.4778        396.29
2014        11        6.5653        -2.9271        156.2039        96.6177        397.55
2014        12        2.362        -4.8104        98.7339        153.5481        399.15
2015        1        -2.9213        -14.3793        158.0769        70.7609        400.18
2015        2        -6.077        -19.2432        243.111        69.2249        400.55
2015        3        2.0902        -9.1993        342.1063        49.0257        401.74
2015        4        12.6261        0.0213        443.1706        73.8657        403.35
2015        5        23.7909        7.9734        583.5699        48.1369        404.15
2015        6        22.4762        10.4598        514.1784        190.1489        402.97
2015        7        26.6479        13.6766        573.5323        91.3684        401.46
2015        8        26.8863        13.6385        491.0701        110.5774        399.11
2015        9        24.618        10.5402        406.232        146.2773        397.82
2015        10        14.5451        2.1598        260.4811        85.5229        398.49
2015        11        10.8957        -0.1186        169.016        54.387        400.27
2015        12        6.9239        -1.8197        91.8815        130.703        402.06
2016-2150        1        0.8187        -10.3529        157.7335        36.4474        402.73
2016-2150        2        2.3831        -9.493        206.639        111.4062        404.25
2016-2150        3        8.099        -3.1477        335.6438        71.2668        405.06
2016-2150        4        11.9882        -0.4034        499.9852        86.0933        407.6
2016-2150        5        19.9035        6.2003        502.5531        82.2329        407.9
2016-2150        6        24.0295        10.858        619.5418        68.4908        406.99
2016-2150        7        27.192        14.1461        579.1315        139.5753        404.59
2016-2150        8        27.4293        14.5424        493.3171        171.0747        402.45
2016-2150        9        23.0659        10.3574        414.7061        73.8527        401.23
2016-2150        10        15.9465        3.675        226.8355        101.4263        401.79
2016-2150        11        8.6817        -0.8806        149.1494        86.92        403.72
2016-2150        12        1.9379        -7.6723        114.2887        90.8979        404.64
