Year        Month        Tmax        Tmin        PAR        Prec        CO2
1800-1970        1        -6.4059        -19.9764        170.0641        17.5745        325.06
1800-1970        2        -0.1775        -12.9092        229.621        75.1246        325.98
1800-1970        3        2.6787        -7.3898        328.699        71.1458        326.93
1800-1970        4        12.1361        -0.79        451.8248        101.6869        328.13
1800-1970        5        19.2788        6.5592        484.4827        92.003        328.08
1800-1970        6        22.7177        9.7922        566.8688        106.9377        327.67
1800-1970        7        25.5373        13.0538        547.8703        57.4043        326.34
1800-1970        8        25.7374        11.523        499.0686        97.1332        324.69
1800-1970        9        20.43        8.9537        350.3508        105.8722        323.1
1800-1970        10        15.3459        4.331        227.1619        74.1359        323.06
1800-1970        11        7.7706        -1.0269        136.4181        74.3392        324.01
1800-1970        12        -2.4356        -11.5695        120.1125        102.5904        325.13
1971        1        -4.5978        -17.2405        159.1676        47.7535        326.17
1971        2        -0.7455        -11.3111        202.9074        119.7085        326.68
1971        3        1.8355        -7.9935        340.762        86.4071        327.17
1971        4        9.2443        -2.7296        426.3674        55.3451        327.79
1971        5        17.7875        4.4744        465.0175        101.7637        328.93
1971        6        24.5483        9.2407        603.4142        68.2949        328.57
1971        7        25.4613        11.3023        570.8114        103.8188        327.36
1971        8        24.3889        11.1558        469.6117        174.3357        325.43
1971        9        21.4827        10.6431        359.6149        68.531        323.36
1971        10        17.489        5.3499        220.5821        67.3349        323.56
1971        11        5.1877        -3.7515        165.2026        117.2476        324.8
1971        12        1.4882        -7.9107        119.8572        98.834        326.01
1972        1        -0.1729        -12.4437        154.3728        48.0426        326.77
1972        2        -1.9313        -13.9853        232.2        97.8979        327.63
1972        3        2.0475        -7.5619        293.4501        116.3311        327.75
1972        4        8.5854        -3.4024        440.5028        97.71        329.72
1972        5        19.0609        6.064        449.3537        140.1588        330.07
1972        6        20.6738        10.619        471.1806        198.1218        329.09
1972        7        25.062        13.3745        506.3199        117.2845        328.04
1972        8        23.3917        10.9748        465.4879        68.3663        326.32
1972        9        20.5336        7.3211        352.0756        45.8492        324.84
1972        10        11.5602        0.0703        235.9032        90.6337        325.2
1972        11        3.6938        -3.635        146.0473        209.7004        326.5
1972        12        0.4592        -7.545        92.4161        168.9224        327.55
1973        1        0.4111        -10.3397        151.3103        79.4911        328.55
1973        2        -1.3741        -13.0715        240.8712        60.8085        329.56
1973        3        7.7325        -2.2581        283.6611        74.2106        330.3
1973        4        12.4014        1.2395        404.1929        132.3344        331.5
1973        5        16.3785        5.3141        438.981        165.385        332.48
1973        6        23.8681        11.9857        524.4188        171.2578        332.07
1973        7        26.2057        13.5528        547.6346        73.8234        330.87
1973        8        26.5616        14.1953        480.7777        81.5086        329.31
1973        9        20.3327        7.1635        380.8709        56.33        327.51
1973        10        15.5318        1.9706        253.6209        62.8708        327.18
1973        11        6.8594        -2.0961        136.8668        64.1284        328.16
1973        12        1.7418        -7.5367        95.7033        225.9191        328.64
1974        1        -0.5187        -10.9173        151.3103        72.448        329.35
1974        2        -1.442        -13.5148        240.8712        72.6919        330.71
1974        3        3.5556        -6.4788        283.6611        98.0306        331.48
1974        4        13.7424        0.3034        404.1929        72.818        332.65
1974        5        16.4421        4.496        438.981        123.0094        333.19
1974        6        22.8798        10.0171        524.4188        81.6459        332.2
1974        7        25.2652        12.428        547.6346        106.6339        331.07
1974        8        24.7927        11.6278        480.7777        102.6107        329.15
1974        9        19.0886        7.4487        380.8709        157.9149        327.33
1974        10        11.9013        -1.0505        253.6209        38.2463        327.28
1974        11        7.2764        -2.4725        155.1424        119.1733        328.31
1974        12        1.6169        -6.5344        101.0063        78.4598        329.58
1975        1        0.5048        -10.251        141.4154        94.9594        330.73
1975        2        -0.2474        -11.0312        238.618        97.3304        331.46
1975        3        2.6931        -7.3945        311.9033        78.7045        331.94
1975        4        8.1723        -2.8976        429.1083        81.2083        333.11
1975        5        22.1106        7.2745        490.9479        68.6096        333.95
1975        6        22.494        10.8509        542.8128        123.7978        333.42
1975        7        26.5228        14.2232        548.7862        166.1873        331.97
1975        8        24.4212        12.3819        481.6045        171.981        329.95
1975        9        18.2788        7.2385        376.3299        156.6317        328.5
1975        10        15.5346        3.854        257.3808        148.3167        328.36
1975        11        10.2032        -0.2286        138.6677        124.6386        329.38
1975        12        -0.1772        -10.3323        106.2462        95.2799        330.62
1976        1        -4.2352        -16.8551        142.1276        111.7082        331.56
1976        2        3.0417        -9.6816        215.6821        93.1729        332.74
1976        3        5.9829        -6.4762        320.7984        92.2734        333.36
1976        4        13.9705        0.5714        479.5612        100.1456        334.74
1976        5        17.5413        4.1935        522.819        148.5843        334.72
1976        6        24.9876        12.3741        531.1279        102.1964        333.98
1976        7        23.8342        11.9481        547.8137        123.0986        333.08
1976        8        23.8937        11.0724        463.8338        164.6316        330.68
1976        9        19.53        6.321        347.0272        86.1657        328.96
1976        10        11.942        1.0265        234.1393        143.0159        328.72
1976        11        4.4886        -4.3522        154.5413        39.1548        330.16
1976        12        -1.8152        -13.6103        114.2764        54.9368        331.62
1977        1        -5.3354        -16.8765        146.2603        49.8498        332.68
1977        2        -1.0459        -11.3331        219.8184        74.3589        333.17
1977        3        7.6986        -3.4875        324.7316        161.4891        334.96
1977        4        12.9321        -0.5355        454.6538        112.4837        336.14
1977        5        21.6406        5.5352        481.6657        70.8435        336.93
1977        6        21.2672        9.6962        545.7828        115.1017        336.17
1977        7        25.777        12.3545        525.1568        61.1061        334.88
1977        8        24.0187        11.8612        464.4311        104.1714        332.56
1977        9        18.9672        9.3359        376.9442        163.9336        331.29
1977        10        13.5086        2.0166        234.1681        142.9463        331.28
1977        11        8.0606        -0.2242        183.2111        118.1895        332.46
1977        12        -1.2214        -10.1499        136.9445        135.1579        333.6
1978        1        -3.4106        -13.1687        171.4077        167.2582        334.94
1978        2        -4.1978        -17.355        231.8218        24.1939        335.26
1978        3        2.1242        -9.0815        314.1174        65.8253        336.66
1978        4        9.6507        -1.9362        455.9971        51.8616        337.69
1978        5        19.3375        5.7747        578.6822        64.1311        338.02
1978        6        22.7919        9.2712        554.7335        119.0827        338.01
1978        7        25.4593        11.4984        534.7158        73.2435        336.5
1978        8        24.2107        12.6705        465.4547        103.9509        334.42
1978        9        19.3779        5.1039        322.4368        55.0957        332.36
1978        10        13.5794        1.1112        223.5989        91.2533        332.45
1978        11        7.7223        -3.9915        134.1696        48.4033        333.76
1978        12        0.6936        -9.4081        113.998        102.4907        334.91
1979        1        -2.4275        -11.6481        111.7905        201.9875        336.14
1979        2        -6.6806        -17.6271        254.2281        58.9947        336.69
1979        3        6.7467        -4.1379        298.3545        73.6184        338.27
1979        4        10.8095        -0.5521        410.4018        115.1318        338.82
1979        5        18.9622        7.234        470.684        135.1347        339.24
1979        6        22.8268        9.1434        604.4442        30.9994        339.26
1979        7        26.2048        13.4184        545.0929        109.1945        337.54
1979        8        23.7286        12.1895        433.6559        96.0359        335.72
1979        9        20.5887        6.6355        395.2988        112.0283        333.97
1979        10        12.925        3.0338        213.5951        101.1524        334.24
1979        11        9.6189        -0.1844        139.2106        97.9726        335.32
1979        12        2.6253        -7.3288        128.4373        50.6066        336.82
1980        1        -1.0695        -11.1471        161.3114        17.5868        337.9
1980        2        -2.4866        -14.4922        251.4471        23.4345        338.34
1980        3        3.702        -7.0959        305.72        127.9791        340.07
1980        4        12.2741        0.2845        388.9939        97.153        340.93
1980        5        20.0474        5.1865        553.8121        34.8445        341.45
1980        6        21.5545        8.0018        554.1725        116.8854        341.36
1980        7        26.0583        13.0679        551.8963        74.0132        339.45
1980        8        25.4958        13.0735        468.205        84.1015        337.67
1980        9        21.3125        8.0626        406.7349        79.7867        336.25
1980        10        12.5349        1.4581        245.0492        70.9535        336.14
1980        11        4.6763        -4.3698        155.6799        96.5224        337.3
1980        12        -1.7594        -14.6985        138.3698        38.6064        338.29
1981        1        -5.5897        -18.3099        178.1098        13.2953        339.29
1981        2        4.0608        -7.6197        180.763        188.354        340.55
1981        3        4.9511        -5.7607        339.5783        13.6631        341.63
1981        4        13.5648        0.6392        425.2971        84.2617        342.6
1981        5        20.2857        5.3267        534.3281        92.107        343.04
1981        6        23.3651        10.48        547.351        85.1885        342.54
1981        7        25.4192        13.1872        515.0638        113.2593        340.82
1981        8        24.3405        11.1811        457.6163        73.4631        338.48
1981        9        18.7365        8.3501        314.9577        130.2262        336.95
1981        10        11.9271        0.4776        213.543        125.4659        337.05
1981        11        7.0453        -2.464        145.3391        55.3972        338.57
1981        12        -0.2535        -8.489        107.7776        115.4        339.91
1982        1        -5.9925        -18.2487        142.9542        84.7624        340.93
1982        2        -0.8495        -12.9735        226.6866        93.5134        341.76
1982        3        3.9547        -8.2144        336.8332        79.8484        342.78
1982        4        10.785        -2.7691        481.1778        86.663        343.96
1982        5        20.3346        5.869        494.2288        66.5256        344.77
1982        6        20.5509        9.5482        449.5889        185.8411        343.88
1982        7        26.231        11.6782        602.2921        68.0188        342.42
1982        8        23.2115        10.0073        469.0995        74.599        340.24
1982        9        20.8712        7.8609        356.3864        58.9867        338.38
1982        10        15.0286        1.1237        278.6328        44.4151        338.41
1982        11        9.2418        -0.9123        143.4869        108.9459        339.44
1982        12        4.2337        -6.1483        111.2083        51.0739        340.78
1983        1        -1.0391        -11.3518        154.3629        101.2039        341.57
1983        2        0.7283        -11.0143        233.5015        76.0521        342.79
1983        3        4.7316        -3.9837        271.1348        128.1014        343.37
1983        4        10.6885        0.3416        345.2731        203.9948        345.4
1983        5        16.4927        5.0083        408.0649        184.6731        346.14
1983        6        24.6692        10.1564        597.9557        65.4129        345.76
1983        7        27.0299        12.8213        559.8237        42.9805        344.32
1983        8        25.2297        12.5954        488.1715        140.7792        342.5
1983        9        22.7787        7.9814        432.7872        55.4658        340.46
1983        10        14.2853        2.4252        253.9893        84.9689        340.53
1983        11        7.0936        -2.1298        138.3897        177.6146        341.79
1983        12        -1.3807        -10.0601        117.5225        180.8816        343.2
1984        1        -3.4584        -14.538        152.7889        43.0301        344.21
1984        2        3.0965        -6.9844        187.3093        106.5615        344.92
1984        3        0.5154        -9.5516        336.006        102.0063        345.68
1984        4        11.4836        0.261        395.5011        113.5028        347.14
1984        5        16.5908        4.1162        440.6636        280.9261        347.78
1984        6        24.2657        10.3927        585.0995        57.3369        347.16
1984        7        24.7182        12.7636        493.5064        146.3654        345.79
1984        8        25.3844        13.5421        472.8331        84.9914        343.74
1984        9        19.7561        6.2864        382.9998        43.3884        341.59
1984        10        15.9478        3.803        255.7147        69.3168        341.86
1984        11        7.5059        -2.8691        164.598        84.743        343.31
1984        12        3.5578        -5.809        113.0969        98.3381        345
1985        1        -4.3217        -14.0865        152.678        31.6424        345.48
1985        2        0.1942        -10.8263        215.4272        47.6323        346.42
1985        3        6.7683        -5.8993        350.9819        82.3286        347.91
1985        4        13.0657        0.7314        480.8414        50.9192        348.66
1985        5        20.0356        6.0711        506.4909        87.3362        349.28
1985        6        20.278        9.0914        467.1597        100.4324        348.65
1985        7        25.7592        12.3072        574.5793        58.7102        346.9
1985        8        24.0569        11.4577        436.4822        109.277        345.26
1985        9        21.208        8.7472        361.2037        97.1553        343.47
1985        10        14.9427        2.389        237.4701        73.5732        343.35
1985        11        6.9962        -0.9764        105.9123        141.0443        344.73
1985        12        -1.6999        -10.8847        118.707        61.3164        346.12
1986        1        -1.1286        -12.3603        151.9809        104.9799        346.78
1986        2        -2.2647        -12.9907        208.1516        86.1475        347.48
1986        3        6.1152        -6.1214        333.9512        104.1498        348.25
1986        4        14.6285        1.3367        440.2903        43.2648        349.86
1986        5        20.6602        6.9524        503.322        93.3153        350.52
1986        6        21.9378        8.8905        544.3475        149.4899        349.98
1986        7        24.5159        13.0892        476.6558        162.372        348.25
1986        8        23.3455        11.3432        441.4801        155.1176        346.17
1986        9        19.1191        7.4661        345.6611        72.4513        345.48
1986        10        14.1535        1.9243        238.4216        58.0204        344.82
1986        11        5.5954        -4.2664        136.8086        139.2657        346.22
1986        12        1.2418        -6.7148        121.8294        123.3591        347.49
1987        1        -1.9615        -13.1764        139.8814        102.7214        348.73
1987        2        -1.2763        -14.8238        278.6104        4.7226        348.92
1987        3        6.7282        -5.9463        320.3187        61.8839        349.81
1987        4        13.6306        1.9947        359.8602        116.4157        351.4
1987        5        19.705        5.576        504.4814        45.383        352.15
1987        6        23.4275        11.1398        531.4707        135.4642        351.59
1987        7        26.5637        13.7882        534.0427        73.4912        350.21
1987        8        23.8744        10.272        490.5357        102.3786        348.2
1987        9        19.2308        8.6862        308.1829        183.6751        346.66
1987        10        13.4472        0.2412        255.5912        160.0206        346.72
1987        11        7.6327        -3.2832        159.2968        65.1273        348.08
1987        12        1.5918        -6.4566        114.5623        56.931        349.28
1988        1        -2.3761        -14.3634        164.3736        51.2842        350.51
1988        2        -0.3085        -12.2453        232.1013        93.9182        351.7
1988        3        4.9254        -7.0073        373.7606        44.3729        352.5
1988        4        11.1916        0.2994        393.8107        78.8737        353.67
1988        5        19.5776        6.394        481.3854        86.8349        354.35
1988        6        23.4545        8.4937        611.4485        33.3619        353.88
1988        7        27.4197        14.5359        513.5375        146.5252        352.8
1988        8        26.2614        13.7421        497.2948        143.7475        350.49
1988        9        20.1185        6.3515        389.8651        53.2496        348.97
1988        10        11.7805        1.0932        219.9648        50.4911        349.37
1988        11        8.0315        -1.9462        140.9194        155.1132        350.43
1988        12        0.1467        -10.5844        136.5638        38.86        351.62
1989        1        1.321        -9.7567        145.0766        27.8065        353.07
1989        2        -0.8562        -11.8738        203.9319        66.273        353.43
1989        3        4.8333        -7.6213        337.6257        64.6817        354.08
1989        4        10.5189        -1.9367        445.0679        84.095        355.72
1989        5        19.5304        6.7116        449.6477        187.7593        355.95
1989        6        23.0435        11.6973        459.7549        167.003        355.44
1989        7        25.6142        13.1291        512.4621        123.8556        354.05
1989        8        24.3153        11.9683        463.0121        127.1694        351.84
1989        9        21.115        8.7108        365.5562        110.1451        350.09
1989        10        15.2852        2.6476        245.6195        147.6045        350.33
1989        11        6.8741        -2.9425        147.262        98.8207        351.55
1989        12        -5.916        -17.596        150.3439        32.5375        352.91
1990        1        2.7889        -6.622        131.228        108.3332        353.86
1990        2        2.0825        -10.818        213.0004        102.4734        355.1
1990        3        7.1762        -6.1088        351.7298        89.9326        355.75
1990        4        12.3205        0.5597        402.757        112.8977        356.38
1990        5        16.6187        4.4909        425.4769        183.6733        357.38
1990        6        23.2        10.6157        522.3809        87.1153        356.39
1990        7        26.1222        13.3964        545.4268        55.8128        354.89
1990        8        25.1007        13.2427        458.084        218.9332        353.07
1990        9        20.3839        7.907        365.5974        53.1632        351.38
1990        10        16.0674        4.4814        236.7571        144.694        351.69
1990        11        8.7873        -2.0437        172.0069        100.8138        353.14
1990        12        3.7345        -5.9692        102.3079        140.6204        354.41
1991        1        -1.4896        -12.0691        155.2513        63.3454        354.93
1991        2        2.3578        -8.8672        226.6311        46.6974        355.82
1991        3        5.9227        -4.0747        282.9651        89.2427        357.33
1991        4        14.8224        1.3677        432.0147        89.5052        358.77
1991        5        22.2116        7.1669        564.1539        100.0892        359.23
1991        6        25.0247        10.3127        609.7789        62.2067        358.23
1991        7        26.1021        12.3554        560.7599        65.8562        356.3
1991        8        25.7254        13.0511        449.8224        155.1003        353.97
1991        9        20.2355        6.3581        383.5468        127.2881        352.34
1991        10        16.1076        3.0552        269.3782        108.4555        352.43
1991        11        7.3483        -1.8354        141.9121        108.1278        353.89
1991        12        1.6479        -9.0705        126.4411        92.3375        355.21
1992        1        -0.8968        -11.3154        152.3111        47.5075        356.34
1992        2        0.1397        -10.5689        214.7945        49.6394        357.21
1992        3        2.7311        -8.2767        320.9904        72.9736        357.97
1992        4        10.3514        -1.1759        414.9695        80.3536        359.22
1992        5        19.5781        4.3314        549.7653        84.6974        359.71
1992        6        22.5131        8.7747        574.5675        96.3785        359.43
1992        7        23.2626        11.2981        513.7232        123.3275        357.15
1992        8        23.2183        11.1509        457.5492        106.8651        354.98
1992        9        20.5322        7.7532        395.2992        89.0023        353.01
1992        10        12.0063        0.2967        262.7208        74.824        353.41
1992        11        5.5462        -2.6214        129.4307        128.075        354.42
1992        12        1.0736        -8.0866        113.1884        86.532        355.68
1993        1        -0.0701        -9.4895        137.5223        65.5928        357.1
1993        2        -3.3467        -16.9148        254.9116        87.5171        357.42
1993        3        3.4088        -9.0097        313.1356        136.5108        358.59
1993        4        12.7065        0.0991        379.8153        141.6356        359.39
1993        5        19.962        5.6498        550.3329        36.3619        360.3
1993        6        23.2258        9.2745        564.0904        92.6557        359.64
1993        7        26.6867        13.0064        546.4475        85.3274        357.46
1993        8        25.6901        12.8632        483.4265        75.0023        355.76
1993        9        19.2641        8.1632        317.5885        112.3984        354.14
1993        10        13.2545        0.883        252.7074        83.6931        354.23
1993        11        7.5467        -3.9483        152.848        115.815        355.53
1993        12        0.4185        -8.9339        125.345        99.6228        357.03
1994        1        -6.2427        -19.0086        149.9811        108.4254        358.36
1994        2        -3.1321        -16.0352        236.8872        53.0968        359.04
1994        3        3.2426        -6.8639        303.5788        128.027        360.11
1994        4        12.9551        0.061        439.6786        92.5746        361.36
1994        5        18.19        4.7444        496.6043        114.9154        361.78
1994        6        24.5706        12.1375        543.7178        93.1877        360.94
1994        7        26.4488        15.2636        511.6792        139.8263        359.51
1994        8        23.3973        11.5422        455.0745        136.1427        357.59
1994        9        19.52        7.8761        340.7242        88.1755        355.86
1994        10        15.1351        1.4072        282.1756        22.9588        356.21
1994        11        10.0133        -1.4321        170.8143        80.4313        357.65
1994        12        3.2342        -7.037        137.9347        104.4168        359.1
1995        1        1.1449        -7.0692        119.628        76.3377        360.04
1995        2        -1.5669        -13.8461        238.9968        84.649        361
1995        3        6.9343        -4.2618        321.1607        61.5233        361.98
1995        4        10.1079        -1.8889        458.5152        58.7108        363.44
1995        5        17.8914        5.1592        460.1022        49.4449        363.83
1995        6        24.9735        10.3043        608.3053        45.3968        363.33
1995        7        27.3581        14.8075        535.924        89.5133        361.78
1995        8        26.0619        12.075        523.9146        95.0694        359.33
1995        9        20.1336        6.0969        391.2901        76.6968        358.32
1995        10        16.8908        4.0854        235.0961        230.0636        358.14
1995        11        4.7557        -3.5911        127.8276        131.3663        359.61
1995        12        -2.2599        -10.5586        116.4994        75.0462        360.82
1996        1        -2.1978        -13.1896        140.2117        139.9391        362.2
1996        2        -1.11        -11.2071        209.0244        66.6037        363.36
1996        3        3.5698        -8.6816        363.7941        55.3279        364.28
1996        4        11.3429        0.0427        384.2904        174.483        364.69
1996        5        17.2835        4.727        482.0765        134.9068        365.25
1996        6        23.3517        12.3782        486.9668        101.4095        365.06
1996        7        24.233        13.148        508.2544        199.8254        363.69
1996        8        25.3581        12.8851        500.0385        56.384        361.55
1996        9        20.554        9.7479        318.0765        128.9702        359.69
1996        10        14.1332        2.2886        262.0002        103.2178        359.72
1996        11        4.827        -4.4181        144.7612        100.2301        361.04
1996        12        2.6217        -4.3794        73.8387        166.8064        362.39
1997        1        -1.7843        -11.9709        144.5221        70.4183        363.24
1997        2        2.1651        -8.9407        225.917        64.6933        364.21
1997        3        3.2822        -7.407        308.0766        107.1098        364.65
1997        4        10.8282        -1.51        460.6842        102.3145        366.48
1997        5        16.0448        4.073        456.5748        91.4034        366.77
1997        6        24.2674        10.1857        566.8221        36.9039        365.73
1997        7        25.6225        12.1187        587.051        74.027        364.46
1997        8        23.9049        11.4552        446.9119        146.8824        362.4
1997        9        20.0576        7.8262        361.1986        82.8782        360.44
1997        10        13.7375        1.1178        269.7036        58.1567        360.98
1997        11        5.0394        -3.2915        130.5689        162.1133        362.65
1997        12        0.8411        -7.6358        120.2307        80.5665        364.51
1998        1        0.5614        -8.3672        127.0153        125.0127        365.39
1998        2        2.7772        -7.6069        225.3149        68.5897        366.1
1998        3        6.1973        -4.3928        286.6364        90.8102        367.36
1998        4        13.2536        0.3394        448.7386        79.7505        368.79
1998        5        21.1957        7.4723        508.2128        104.8084        369.56
1998        6        21.6087        10.7277        450.3339        225.8763        369.13
1998        7        25.3147        12.8703        533.3452        86.2344        367.98
1998        8        25.3768        12.6092        467.1222        75.528        366.1
1998        9        21.7865        8.7553        392.9442        68.257        364.16
1998        10        14.1046        3.3201        232.7006        97.5558        364.54
1998        11        6.7945        -1.3834        161.1356        69.5654        365.67
1998        12        4.206        -5.9635        126.8662        43.6524        367.3
1999        1        -1.6085        -12.4919        122.7584        149.1029        368.35
1999        2        1.5349        -9.7711        236.8726        50.0334        369.28
1999        3        4.6226        -5.7958        333.3995        119.8343        369.84
1999        4        12.2771        -0.3741        478.3807        23.5244        371.15
1999        5        20.37        5.796        555.8164        104.1123        371.12
1999        6        25.5882        11.497        598.7285        58.0656        370.46
1999        7        27.708        14.168        583.8258        74.1445        369.61
1999        8        24.5919        11.6935        483.6665        94.1292        367.06
1999        9        22.2607        9.8653        348.892        208.5854        364.95
1999        10        13.9373        1.1484        265.4761        85.7754        365.52
1999        11        9.8012        -0.2467        158.9672        76.697        366.88
1999        12        2.3908        -6.5426        134.9773        42.8997        368.26
2000        1        -2.2817        -13.4742        147.8991        89.3995        369.45
2000        2        1.1263        -10.4689        214.2399        88.5566        369.71
2000        3        8.1877        -3.8027        337.2105        94.1145        370.75
2000        4        10.5437        -0.0913        349.3004        136.959        371.98
2000        5        18.836        5.7587        459.7699        136.2857        371.75
2000        6        22.3436        10.2789        488.0188        161.5722        371.87
2000        7        23.5418        11.3584        479.9393        155.51        370.02
2000        8        23.589        11.6516        447.7338        124.2701        368.27
2000        9        20.1145        7.0413        396.1937        74.258        367.15
2000        10        14.4805        2.2754        253.4046        71.0845        367.18
2000        11        6.249        -2.1806        150.1388        73.4447        368.53
2000        12        -2.2489        -11.5158        133.439        135.4009        369.83
2001        1        -1.3311        -12.7394        145.6119        42.1696        370.76
2001        2        0.2299        -11.4423        226.1129        74.9053        371.69
2001        3        1.7475        -7.3482        305.0543        170.0576        372.63
2001        4        12.6364        -0.6537        497.6008        34.1145        373.55
2001        5        19.8205        5.8835        509.6673        79.5634        374.03
2001        6        24.3221        11.2764        563.556        138.8763        373.4
2001        7        24.1296        11.1184        565.0218        98.6202        371.68
2001        8        26.8808        13.3861        508.1724        55.4049        369.78
2001        9        21.4622        7.7543        405.0123        100.8653        368.34
2001        10        15.965        2.6511        279.1797        28.1735        368.61
2001        11        10.3131        -0.5212        162.2018        53.9688        369.94
2001        12        3.9053        -4.5595        125.5499        77.9731        371.42
2002        1        1.9377        -7.3762        129.9389        57.2805        372.7
2002        2        3.1995        -9.3967        241.0044        79.9461        373.37
2002        3        5.4346        -5.4553        311.5577        105.2177        374.3
2002        4        12.8756        0.9178        429.9857        103.5088        375.19
2002        5        17.1234        4.2622        501.9692        138.567        375.93
2002        6        22.6505        9.7014        526.1182        158.8204        375.69
2002        7        26.5149        13.5117        593.6352        41.8965        374.16
2002        8        26.7548        13.1871        523.9377        90.0816        372.03
2002        9        22.9775        9.6794        398.7626        101.5566        370.92
2002        10        12.474        1.8317        225.717        104.0415        370.73
2002        11        5.8175        -2.5851        131.4347        144.2926        372.43
2002        12        -0.0797        -8.7711        130.9241        113.7697        373.98
2003        1        -5.3865        -15.6773        171.1216        74.32        375.07
2003        2        -3.2905        -14.1152        225.8037        69.9097        375.82
2003        3        4.9699        -7.797        326.6126        63.6767        376.64
2003        4        9.9237        -1.5481        423.8165        84.3966        377.92
2003        5        16.9846        5.0014        428.3809        131.9379        378.78
2003        6        21.8623        10.1679        512.7962        95.6047        378.46
2003        7        25.7359        13.3988        515.7422        110.9141        376.88
2003        8        25.496        13.9943        429.1304        172.6851        374.57
2003        9        21.2341        9.1869        335.1603        165.8871        373.34
2003        10        13.5132        1.3846        236.5697        135.4216        373.31
2003        11        8.6947        -1.2332        144.5805        123.3677        374.84
2003        12        1.4273        -7.9281        117.6009        175.3647        376.17
2004        1        -6.9376        -16.3881        157.3316        38.5153        377.17
2004        2        0.1695        -11.9993        269.5857        44.5015        378.05
2004        3        5.4835        -4.7696        321.5244        49.191        379.06
2004        4        12.3714        0.2661        439.695        112.4157        380.54
2004        5        19.9032        6.5056        486.8969        152.4253        380.8
2004        6        22.3106        9.1443        590.3546        66.2247        379.87
2004        7        24.2173        13.0585        466.2489        157.9434        377.65
2004        8        23.8562        12.2565        424.9527        165.2421        376.17
2004        9        21.1899        8.9552        373.6229        148.2396        374.43
2004        10        13.8459        2.5854        261.1212        49.2363        374.63
2004        11        7.7908        -2.72        155.3621        96.8014        376.33
2004        12        0.8959        -9.1052        115.7984        120.6578        377.68
2005        1        -3.324        -13.8275        147.1545        105.035        378.63
2005        2        0.3597        -11.434        245.456        58.8914        379.91
2005        3        2.5579        -8.4069        360.16        107.5672        380.95
2005        4        14.0131        0.0815        466.2684        114.149        382.48
2005        5        15.7418        3.7602        461.7023        65.8471        382.64
2005        6        25.3645        12.4266        537.5533        146.0216        382.4
2005        7        26.1554        13.9155        536.8015        106.7973        380.93
2005        8        26.5533        14.0308        458.9212        89.663        378.93
2005        9        23.252        9.6601        400.336        70.7663        376.89
2005        10        14.2793        4.2432        186.3789        225.0235        377.19
2005        11        9.1165        -2.1078        155.8938        158.4704        378.54
2005        12        -0.8115        -9.1797        126.5467        102.9991        380.31
2006        1        2.8284        -7.7692        127.2346        131.9474        381.58
2006        2        0.3968        -10.7782        244.1789        56.1071        382.4
2006        3        5.3009        -6.2929        373.1408        35.5058        382.86
2006        4        13.7687        0.2529        460.3674        114.8348        384.8
2006        5        18.1967        6.496        424.4124        174.7311        385.22
2006        6        22.4012        11.8885        415.5508        234.2954        384.24
2006        7        26.995        14.6622        539.0791        118.5983        382.65
2006        8        24.3083        11.9366        479.7415        113.6595        380.6
2006        9        19.9872        8.1226        324.0698        88.7478        379.04
2006        10        13.8917        2.0994        230.1663        170.0554        379.33
2006        11        9.9777        0.6018        134.782        114.4635        380.35
2006        12        4.7617        -4.5207        117.0197        82.1913        382.02
2007        1        0.4447        -9.8623        145.7764        83.9488        383.1
2007        2        -3.6455        -14.5112        260.0447        72.8768        384.12
2007        3        5.0074        -7.1011        361.5919        102.8615        384.81
2007        4        10.1726        -0.6782        370.1906        145.1082        386.73
2007        5        20.7971        6.053        580.0462        84.2779        386.78
2007        6        23.9557        10.906        590.9391        90.8986        386.33
2007        7        25.3254        12.858        532.3389        124.7178        384.73
2007        8        25.5373        12.2952        511.5943        58.5139        382.24
2007        9        22.9637        8.9768        420.0543        76.2367        381.2
2007        10        17.6492        5.7678        242.2924        144.0938        381.37
2007        11        6.3639        -3.3775        150.8849        106.3078        382.7
2007        12        -0.2426        -8.6599        99.6674        130.8421        384.19
2008        1        0.6886        -10.0255        150.407        50.5176        385.78
2008        2        0.0344        -10.648        188.3824        196.2254        386.06
2008        3        3.8135        -6.7528        325.5886        156.7081        386.28
2008        4        14.5125        1.0224        494.4224        89.4877        387.34
2008        5        18.2176        4.1959        536.8167        41.982        388.78
2008        6        24.3706        12.2119        517.9294        154.6731        387.99
2008        7        26.3524        14.3746        518.7836        174.3682        386.6
2008        8        23.688        11.3965        483.7684        119.9149        384.32
2008        9        21.1171        9.3051        363.2567        124.0207        383.41
2008        10        13.8769        1.3608        265.042        117.5827        383.21
2008        11        6.5213        -2.1293        150.9066        73.6526        384.41
2008        12        1.5515        -8.5994        96.9726        189.2022        385.79
2009        1        -4.3072        -15.1405        171.1129        75.871        387.17
2009        2        0.9599        -10.8686        239.1249        41.1677        387.7
2009        3        5.145        -6.2452        349.4209        73.9981        389.04
2009        4        13.6521        0.7079        449.8272        62.8528        389.76
2009        5        18.7534        5.7636        475.5925        122.3945        390.36
2009        6        20.839        10.23        460.2356        142.986        389.7
2009        7        23.236        12.0176        482.1542        204.5885        388.25
2009        8        25.205        13.2404        463.0445        147.9998        386.29
2009        9        20.0892        7.163        389.287        47.9017        384.95
2009        10        12.472        1.7895        203.6477        131.6056        384.64
2009        11        9.7491        -0.1672        154.4251        76.2181        386.23
2009        12        -0.0267        -8.1314        121.4015        103.4588        387.63
2010        1        -1.5562        -10.5905        150.0386        52.8344        388.91
2010        2        0.2062        -8.7296        205.8824        122.561        390.41
2010        3        8.3704        -2.4993        294.5989        117.45        391.37
2010        4        15.6874        1.4745        471.3339        47.0728        392.67
2010        5        21.6131        7.0794        558.1065        65.0498        393.21
2010        6        23.6491        11.6834        503.9949        126.8968        392.38
2010        7        27.9558        14.9393        568.684        88.7964        390.41
2010        8        25.8473        13.0492        464.3177        88.3344        388.54
2010        9        22.2161        10.1013        365.3093        60.6746        387.03
2010        10        14.4628        2.9686        237.9388        210.5159        387.43
2010        11        7.4614        -2.0642        157.5451        90.4486        388.87
2010        12        -0.911        -9.0364        120.6297        111.7415        389.99
2011        1        -3.4249        -12.9992        152.4185        69.5347        391.5
2011        2        -0.1646        -12.7682        215.1629        118.6359        392.05
2011        3        4.2838        -6.1213        320.1334        106.5607        392.8
2011        4        12.3283        1.2786        396.0749        138.9851        393.44
2011        5        19.6181        7.8906        429.0746        167.9566        394.41
2011        6        22.8882        10.8041        529.56        129.061        393.95
2011        7        27.5011        14.2821        590.2738        73.8668        392.72
2011        8        25.0691        13.1211        431.4491        246.1439        390.33
2011        9        21.8925        10.904        322.099        173.4073        389.28
2011        10        14.8477        4.1507        220.6853        140.4304        389.19
2011        11        11.0134        -0.2941        174.2466        78.1613        390.48
2011        12        4.3465        -5.5365        125.4222        109.6539        392.06
2012        1        1.2797        -9.3188        149.1719        68.9802        393.31
2012        2        3.3669        -8.0532        234.2898        33.761        394.04
2012        3        10.5631        -1.3349        341.0556        40.3299        394.59
2012        4        13.9261        0.8603        502.0406        86.3511        396.38
2012        5        20.6273        8.6249        464.6688        154.1319        396.93
2012        6        23.0104        10.9374        564.0501        113.3178        395.91
2012        7        27.356        14.2893        582.5422        116.7924        394.56
2012        8        26.5315        13.453        501.7741        116.3328        392.59
2012        9        20.932        8.6743        378.6107        127.9164        391.32
2012        10        15.4899        5.0774        188.2399        101.0042        391.27
2012        11        6.3928        -3.2391        180.74        37.6535        393.2
2012        12        2.8656        -5.1049        94.5865        138.1919        394.57
2013        1        -0.0718        -10.9591        156.9532        42.518        395.78
2013        2        -0.563        -9.9871        208.0008        83.246        397.03
2013        3        3.9273        -5.6795        320.964        67.6787        397.66
2013        4        12.3427        -0.2631        489.9526        62.4516        398.64
2013        5        20.3868        6.1637        522.0154        158.0059        400.02
2013        6        23.4257        11.4214        493.8076        260.7074        398.81
2013        7        27.1691        15.7671        490.0084        139.8951        397.51
2013        8        24.5512        11.9254        468.4558        84.1302        395.39
2013        9        20.9        7.5038        409.4848        116.0921        393.72
2013        10        15.7384        3.4471        253.6119        49.7173        393.9
2013        11        6.3734        -3.8601        175.6051        75.7051        395.36
2013        12        0.1525        -8.8866        97.8477        112.9375        397.03
2014        1        -2.6929        -13.4634        151.4517        76.9469        398.04
2014        2        -1.9109        -13.0356        228.9781        106.5943        398.27
2014        3        1.4104        -10.1689        352.2701        89.5573        399.91
2014        4        12.4604        -0.4638        471.2284        96.5966        401.51
2014        5        19.5126        6.5773        495.3561        103.9468        401.96
2014        6        24.0275        11.1701        567.776        115.8022        401.43
2014        7        25.8446        13.7606        552.7726        169.0758        399.38
2014        8        24.2572        11.7237        469.5406        92.2039        397.32
2014        9        22.0106        8.6008        398.9269        29.9217        395.64
2014        10        15.5669        5.1802        211.3724        130.5741        396.29
2014        11        6.4131        -3.0021        156.9439        99.2013        397.55
2014        12        2.2528        -4.826        98.9509        156.5499        399.15
2015        1        -3.0314        -14.1961        157.0825        73.8278        400.18
2015        2        -6.2179        -19.1658        242.0927        72.06        400.55
2015        3        1.8928        -9.1796        340.4852        51.8008        401.74
2015        4        12.3427        -0.0227        442.5664        75.0836        403.35
2015        5        23.3775        7.8572        584.2941        47.0558        404.15
2015        6        22.1637        10.4184        514.0835        192.0233        402.97
2015        7        26.3668        13.6695        573.1105        92.3309        401.46
2015        8        26.5873        13.6365        493.082        108.8744        399.11
2015        9        24.3305        10.5571        405.4516        146.0971        397.82
2015        10        14.3603        2.1731        260.4994        85.774        398.49
2015        11        10.7164        -0.1757        169.8768        55.3922        400.27
2015        12        6.8582        -1.786        92.8381        131.2284        402.06
2016-2150        1        0.6764        -10.2363        158.2164        37.3392        402.73
2016-2150        2        2.209        -9.4321        206.3493        115.1603        404.25
2016-2150        3        7.9454        -3.1374        336.2683        72.0768        405.06
2016-2150        4        11.7096        -0.4487        498.7171        87.8685        407.6
2016-2150        5        19.473        6.0387        498.4216        82.5482        407.9
2016-2150        6        23.6702        10.804        620.5731        67.9512        406.99
2016-2150        7        26.8939        14.1199        577.9829        142.3559        404.59
2016-2150        8        27.102        14.5179        493.8189        166.1634        402.45
2016-2150        9        22.8059        10.3641        412.2878        74.0742        401.23
2016-2150        10        15.7382        3.6461        228.701        100.7248        401.79
2016-2150        11        8.5061        -0.9762        151.0007        86.7995        403.72
2016-2150        12        1.8066        -7.6457        115.3509        91.1018        404.64
