Year        Month        Tmax        Tmin        PAR        Prec        CO2
1800-1970        1        -5.6        -18.7917        173.9983        16.8675        325.06
1800-1970        2        0.5041        -12.3084        236.6545        80.3423        325.98
1800-1970        3        3.2538        -6.9152        332.9816        69.564        326.93
1800-1970        4        13.0195        -0.4674        455.0892        94.4545        328.13
1800-1970        5        20.2053        6.9987        485.7297        82.9139        328.08
1800-1970        6        23.682        10.3462        565.2578        99.4921        327.67
1800-1970        7        26.6017        13.6393        550.8394        56.6633        326.34
1800-1970        8        26.8707        12.3462        501.4919        96.1272        324.69
1800-1970        9        21.5817        9.555        358.1116        95.7037        323.1
1800-1970        10        16.1422        4.3645        233.0395        65.9776        323.06
1800-1970        11        8.6615        -0.7422        140.7211        75.6211        324.01
1800-1970        12        -1.4212        -10.6329        125.5421        89.7082        325.13
1971        1        -3.7606        -16.5646        163.8153        46.744        326.17
1971        2        -0.0509        -10.6628        210.6979        108.079        326.68
1971        3        2.5969        -7.0908        346.0258        73.1807        327.17
1971        4        10.4871        -2.3743        433.6867        53.2051        327.79
1971        5        18.4816        4.7625        462.7622        99.7878        328.93
1971        6        25.6552        9.9301        605.247        62.7114        328.57
1971        7        26.5609        11.8151        574.5131        95.3852        327.36
1971        8        25.4953        11.803        474.1947        169.1725        325.43
1971        9        22.3002        11.2496        360.631        82.2419        323.36
1971        10        18.2196        5.6854        226.1685        66.7773        323.56
1971        11        6.161        -3.2621        168.5113        110.3141        324.8
1971        12        2.4831        -7.0127        124.8291        89.3793        326.01
1972        1        0.5804        -11.5177        157.4243        45.406        326.77
1972        2        -1.2513        -13.276        238.0557        95.9196        327.63
1972        3        2.9266        -7.1274        299.545        107.7089        327.75
1972        4        9.7492        -3.0554        437.2362        98.0394        329.72
1972        5        19.8535        6.5225        451.604        132.5722        330.07
1972        6        21.5325        10.942        471.1738        218.2228        329.09
1972        7        26.2268        14.0044        509.4765        103.1556        328.04
1972        8        24.7272        11.8107        472.1252        61.1485        326.32
1972        9        21.6718        8.1079        358.4831        43.5051        324.84
1972        10        12.6313        0.3196        242.8234        85.0258        325.2
1972        11        4.6817        -3.2914        150.9553        197.4607        326.5
1972        12        1.1904        -6.6426        96.4072        156.6273        327.55
1973        1        1.2803        -9.7541        156.5306        80.2028        328.55
1973        2        -0.6665        -12.4381        247.5832        62.7181        329.56
1973        3        8.4698        -2.0613        288.9101        74.3822        330.3
1973        4        13.1687        1.4256        401.6821        134.6252        331.5
1973        5        17.3089        5.6211        444.5392        150.7039        332.48
1973        6        25.0039        12.4725        522.6607        157.6494        332.07
1973        7        27.143        13.9694        549.5305        79.0763        330.87
1973        8        27.5257        14.848        481.9784        71.1804        329.31
1973        9        21.3829        7.8067        388.3745        54.4792        327.51
1973        10        16.446        2.3185        260.2737        57.5737        327.18
1973        11        7.9917        -1.5795        141.791        57.2356        328.16
1973        12        2.6146        -7.1515        99.4894        217.3673        328.64
1974        1        0.3523        -10.3722        156.5306        75.0083        329.35
1974        2        -0.702        -12.8296        247.5832        63.878        330.71
1974        3        4.5073        -5.9713        288.9101        93.4887        331.48
1974        4        14.6465        0.8166        401.6821        71.1619        332.65
1974        5        17.5006        4.9562        444.5392        110.0531        333.19
1974        6        23.7039        10.3174        522.6607        83.9219        332.2
1974        7        26.2827        12.9163        549.5305        103.2464        331.07
1974        8        25.7492        12.3286        481.9784        98.5337        329.15
1974        9        20.0031        8.1237        388.3745        155.8307        327.33
1974        10        12.7892        -0.6039        260.2737        42.0108        327.28
1974        11        8.2579        -2.1152        160.5091        98.1489        328.31
1974        12        2.2212        -6.1618        106.893        80.1476        329.58
1975        1        1.3395        -9.4649        144.8875        93.6339        330.73
1975        2        0.4011        -10.4258        243.1798        91.6776        331.46
1975        3        3.4802        -6.9727        317.4994        75.8837        331.94
1975        4        9.3319        -2.5667        427.9092        71.473        333.11
1975        5        22.6191        7.6805        499.514        74.6911        333.95
1975        6        23.4096        11.2989        539.2736        122.9328        333.42
1975        7        27.2838        14.5792        555.5102        196.0596        331.97
1975        8        25.3479        12.9988        481.0032        151.1407        329.95
1975        9        19.0843        7.7107        379.962        160.6638        328.5
1975        10        16.4138        4.1469        265.3385        126.6514        328.36
1975        11        11.2253        0.2108        145.4862        118.3837        329.38
1975        12        0.7086        -9.5769        111.286        89.57        330.62
1976        1        -3.4177        -15.8275        144.777        109.4744        331.56
1976        2        4.0895        -9.1536        223.1497        85.3779        332.74
1976        3        6.9893        -5.9127        323.3969        77.9705        333.36
1976        4        14.879        1.0523        484.4839        90.7781        334.74
1976        5        18.5504        4.6761        520.4214        130.7346        334.72
1976        6        25.9519        12.8223        529.3785        88.4813        333.98
1976        7        25.0366        12.5025        547.806        105.8772        333.08
1976        8        25.0353        11.7318        467.6379        163.0749        330.68
1976        9        20.5207        6.9907        350.9332        77.8664        328.96
1976        10        12.8216        1.1526        239.7786        130.4132        328.72
1976        11        5.4557        -4.0464        160.8497        29.6929        330.16
1976        12        -1.0625        -12.7987        120.1259        53.8261        331.62
1977        1        -4.7542        -16.3063        149.8793        46.3943        332.68
1977        2        -0.3712        -11.1434        229.5601        73.5245        333.17
1977        3        8.4463        -3.2691        331.5643        164.5347        334.96
1977        4        13.9104        -0.1754        459.883        108.9757        336.14
1977        5        22.423        6.0334        493.8238        70.3493        336.93
1977        6        22.5524        10.136        545.7662        104.6082        336.17
1977        7        26.9626        13.0931        533.0078        65.7106        334.88
1977        8        25.2525        12.7269        471.8279        105.3337        332.56
1977        9        20.0775        9.9654        381.214        171.1862        331.29
1977        10        14.4415        2.4233        237.56        122.6373        331.28
1977        11        8.8657        0.2132        189.7534        115.6569        332.46
1977        12        -0.3531        -9.3278        142.8043        126.9239        333.6
1978        1        -2.6003        -12.5771        176.8217        169.2579        334.94
1978        2        -3.7323        -16.24        239.5489        24.5986        335.26
1978        3        2.9093        -8.3479        321.1944        64.8483        336.66
1978        4        10.9585        -1.4105        457.5209        42.4172        337.69
1978        5        19.8938        6.0998        578.545        77.3262        338.02
1978        6        24.0662        9.7861        560.6053        110.7464        338.01
1978        7        26.313        12.1529        542.4135        72.2349        336.5
1978        8        25.3163        13.5041        474.0009        97.9458        334.42
1978        9        20.2896        5.8056        329.7901        52.7837        332.36
1978        10        14.5831        1.401        228.127        71.1994        332.45
1978        11        8.5255        -3.2924        137.331        44.2016        333.76
1978        12        1.5691        -8.6495        118.3349        94.0977        334.91
1979        1        -1.5825        -10.9528        115.899        215.1199        336.14
1979        2        -6.1338        -16.8426        256.2049        63.141        336.69
1979        3        7.499        -3.8732        306.2756        76.1406        338.27
1979        4        11.6833        -0.2039        411.0933        112.1117        338.82
1979        5        19.8636        7.801        468.5447        123.4273        339.24
1979        6        23.8099        9.6271        610.3061        32.179        339.26
1979        7        27.0676        13.898        538.5197        98.8069        337.54
1979        8        24.9144        12.9779        435.1535        103.3141        335.72
1979        9        21.3148        7.4515        392.1349        112.8316        333.97
1979        10        13.7171        3.3211        218.0166        97.0416        334.24
1979        11        10.4386        0.167        144.133        96.8053        335.32
1979        12        3.3335        -6.7437        134.3418        53.445        336.82
1980        1        -0.3958        -10.58        164.3568        15.9349        337.9
1980        2        -2.003        -14.0731        258.4941        23.3222        338.34
1980        3        4.2682        -6.6572        307.55        130.1563        340.07
1980        4        13.2501        0.8158        393.4861        99.4581        340.93
1980        5        21.0732        5.9676        549.559        32.4812        341.45
1980        6        22.8075        8.5177        561.6514        116.8567        341.36
1980        7        27.1571        13.6573        563.4102        73.3445        339.45
1980        8        26.5863        13.9618        472.1792        74.576        337.67
1980        9        22.48        8.8987        413.445        66.4318        336.25
1980        10        13.4935        1.7811        252.3338        62.708        336.14
1980        11        5.6656        -3.9441        163.4987        92.4043        337.3
1980        12        -0.7216        -13.5816        146.1399        31.7265        338.29
1981        1        -4.9292        -17.3228        180.9051        13.7847        339.29
1981        2        4.6565        -7.4001        188.6962        176.7031        340.55
1981        3        5.527        -5.6406        347.6872        11.1825        341.63
1981        4        14.4459        1.1653        431.6729        86.5166        342.6
1981        5        21.1472        5.889        539.4474        86.9698        343.04
1981        6        24.4637        11.1133        546.4614        89.6063        342.54
1981        7        26.5932        13.8509        520.8448        102.1166        340.82
1981        8        25.6665        12.0135        467.5414        53.8273        338.48
1981        9        19.7592        8.9542        322.2611        104.5973        336.95
1981        10        12.9398        0.8984        221.1547        110.6544        337.05
1981        11        7.9011        -1.863        151.7957        49.11        338.57
1981        12        0.3368        -8.0991        112.4836        111.2171        339.91
1982        1        -5.2109        -17.1553        145.5258        83.3951        340.93
1982        2        -0.2395        -12.021        231.6918        89.5017        341.76
1982        3        4.7381        -7.4719        342.7947        70.209        342.78
1982        4        11.6978        -2.1581        480.1885        91.7747        343.96
1982        5        21.0552        6.4989        493.4193        62.3054        344.77
1982        6        21.6622        9.9289        453.0369        194.7876        343.88
1982        7        27.2543        12.4347        605.5785        71.9534        342.42
1982        8        24.2462        10.8551        475.8166        65.8255        340.24
1982        9        21.639        8.4979        360.4105        57.1859        338.38
1982        10        15.8187        1.3632        284.1689        46.2267        338.41
1982        11        10.1639        -0.5401        149.6694        99.1265        339.44
1982        12        4.9332        -5.5189        116.0802        45.8841        340.78
1983        1        -0.331        -10.6881        158.7621        98.8837        341.57
1983        2        1.2593        -10.5127        239.2069        80.0275        342.79
1983        3        5.389        -3.5204        273.6975        129.9069        343.37
1983        4        11.5527        0.7426        346.2673        210.144        345.4
1983        5        17.3847        5.3982        418.0056        155.9369        346.14
1983        6        25.5713        10.7122        599.8179        73.4275        345.76
1983        7        27.8885        13.4764        567.7847        45.5691        344.32
1983        8        26.4471        13.3069        493.0026        105.2183        342.5
1983        9        23.6902        8.5201        439.1988        53.3472        340.46
1983        10        15.064        2.7764        257.7816        83.533        340.53
1983        11        8.1397        -1.7881        146.4269        158.1117        341.79
1983        12        -0.5976        -9.4942        123.1564        166.4883        343.2
1984        1        -2.8674        -13.8857        156.8137        41.5009        344.21
1984        2        3.5994        -6.6734        192.9944        111.0083        344.92
1984        3        1.1813        -8.83        335.6439        98.5639        345.68
1984        4        12.0908        0.5738        395.9954        111.6165        347.14
1984        5        17.5213        4.4852        449.8788        268.3935        347.78
1984        6        25.3036        10.9604        583.2375        54.5099        347.16
1984        7        25.6579        13.3465        493.3108        140.5821        345.79
1984        8        26.5021        14.2731        477.2261        69.6292        343.74
1984        9        20.6236        6.8869        388.1924        39.0683        341.59
1984        10        16.9627        4.3367        258.1238        61.4323        341.86
1984        11        8.5291        -2.4148        170.7083        76.427        343.31
1984        12        4.5368        -5.1358        119.694        83.1234        345
1985        1        -3.4743        -13.3265        155.3175        27.7336        345.48
1985        2        1.0679        -10.3252        224.2778        48.1569        346.42
1985        3        7.5953        -5.3196        355.1265        70.7112        347.91
1985        4        14.0629        1.158        482.1316        46.5413        348.66
1985        5        21.0552        6.7261        511.0061        88.8168        349.28
1985        6        21.3907        9.5291        474.2684        101.1866        348.65
1985        7        26.7537        13.0211        576.9424        72.2694        346.9
1985        8        25.1401        12.3501        439.5812        110.5699        345.26
1985        9        22.1689        9.3727        365.2652        90.6138        343.47
1985        10        15.8043        2.6709        244.058        61.1259        343.35
1985        11        8.0407        -0.4293        108.3078        139.3683        344.73
1985        12        -0.8099        -9.9956        125.6338        55.7942        346.12
1986        1        -0.3158        -11.4902        158.0262        99.6732        346.78
1986        2        -1.8446        -11.8702        210.3303        83.9133        347.48
1986        3        6.8366        -5.6775        344.9456        94.8655        348.25
1986        4        15.1413        1.4425        432.485        42.6654        349.86
1986        5        21.6442        7.1904        514.627        69.926        350.52
1986        6        23.2383        9.3754        549.1727        148.8746        349.98
1986        7        25.7261        13.7201        484.8915        159.6145        348.25
1986        8        24.4172        12.0098        448.0079        131.236        346.17
1986        9        20.21        8.2564        350.1271        52.9546        345.48
1986        10        15.1987        2.1511        246.1037        55.3448        344.82
1986        11        6.5449        -3.8816        139.6219        131.6257        346.22
1986        12        2.052        -6.2449        127.8697        111.6605        347.49
1987        1        -1.3159        -12.4459        143.3126        100.3753        348.73
1987        2        -0.544        -13.8665        285.638        4.7823        348.92
1987        3        7.3901        -5.4237        327.8018        63.568        349.81
1987        4        14.1294        2.0719        353.3208        126.6668        351.4
1987        5        20.6321        5.9871        503.5978        45.0756        352.15
1987        6        24.6126        11.6564        534.8452        108.5432        351.59
1987        7        27.6278        14.3146        537.3236        66.9288        350.21
1987        8        25.0072        10.9997        491.43        98.6329        348.2
1987        9        20.1916        9.1712        312.6777        169.1729        346.66
1987        10        14.2001        0.3657        265.3805        136.8383        346.72
1987        11        8.7645        -2.7173        164.2133        58.8993        348.08
1987        12        2.3883        -6.0557        121.8066        50.0325        349.28
1988        1        -1.7433        -13.8674        168.7506        52.1168        350.51
1988        2        0.2718        -11.6264        241.1805        89.0202        351.7
1988        3        5.8574        -6.375        382.6658        44.7798        352.5
1988        4        11.9536        0.4865        401.4524        67.2026        353.67
1988        5        20.2526        6.6771        479.5951        82.3344        354.35
1988        6        24.649        9.0503        612.7681        32.0178        353.88
1988        7        28.426        14.9732        517.3368        157.7214        352.8
1988        8        27.4417        14.5009        506.9545        122.7285        350.49
1988        9        21.1599        7.0486        394.958        49.3053        348.97
1988        10        12.6156        1.0282        230.5145        44.9295        349.37
1988        11        9.0355        -1.5728        145.9237        156.918        350.43
1988        12        1.0971        -9.7024        142.5246        35.0284        351.62
1989        1        2.0397        -9.0559        149.1639        26.2766        353.07
1989        2        -0.1776        -11.0091        205.7407        60.1235        353.43
1989        3        5.9104        -6.9701        342.3957        60.5514        354.08
1989        4        11.4904        -1.512        441.0882        86.223        355.72
1989        5        20.2406        7.0778        455.4978        196.5873        355.95
1989        6        24.1645        12.2467        458.4909        166.3218        355.44
1989        7        26.7362        13.6514        516.1769        113.0766        354.05
1989        8        25.6        12.8971        462.3995        116.1429        351.84
1989        9        22.0068        9.3301        366.5794        113.516        350.09
1989        10        16.2295        3.0785        251.6304        141.5084        350.33
1989        11        7.913        -2.4033        154.7886        86.7327        351.55
1989        12        -5.1454        -16.3586        154.3514        28.06        352.91
1990        1        3.51        -5.8545        136.2215        105.2788        353.86
1990        2        2.9987        -9.6977        221.2806        96.0718        355.1
1990        3        8.0042        -5.4098        354.9248        86.563        355.75
1990        4        13.2493        0.8896        401.6404        104.5996        356.38
1990        5        17.634        5.0242        428.9241        170.2763        357.38
1990        6        24.4166        11.1347        535.0904        82.3233        356.39
1990        7        27.143        14.1338        543.5306        60.2933        354.89
1990        8        26.1161        13.9237        455.8119        205.1046        353.07
1990        9        21.4159        8.4733        372.9852        45.6559        351.38
1990        10        17.2207        4.9387        248.6045        135.3673        351.69
1990        11        9.8392        -1.5563        177.7137        92.2715        353.14
1990        12        4.783        -5.2995        107.7711        138.4089        354.41
1991        1        -0.4941        -11.2527        160.0295        56.7898        354.93
1991        2        3.2156        -8.3843        230.7331        45.4411        355.82
1991        3        6.9068        -3.7283        289.8025        91.9585        357.33
1991        4        15.8096        1.7204        435.5703        83.7466        358.77
1991        5        23.423        7.9608        571.8481        106.5189        359.23
1991        6        26.192        11.031        610.167        61.1817        358.23
1991        7        27.3748        13.0573        561.8147        57.1999        356.3
1991        8        26.8281        13.7095        456.2456        150.373        353.97
1991        9        21.3317        7.3253        385.4246        127.6829        352.34
1991        10        16.8181        3.4892        274.7437        93.1483        352.43
1991        11        8.2225        -1.2802        144.0175        106.4603        353.89
1991        12        2.667        -7.9969        131.4836        84.8507        355.21
1992        1        0.112        -10.5271        156.896        45.6759        356.34
1992        2        0.904        -9.8078        220.4752        46.1073        357.21
1992        3        3.5017        -7.6269        326.7852        70.633        357.97
1992        4        11.2593        -0.8685        414.5053        77.5399        359.22
1992        5        20.382        4.8143        546.0863        76.1782        359.71
1992        6        23.6188        9.2743        577.1005        101.5593        359.43
1992        7        24.5402        11.9872        523.3464        116.9147        357.15
1992        8        24.3157        11.7877        464.1734        106.3172        354.98
1992        9        21.4252        8.483        394.6998        78.7671        353.01
1992        10        13.0314        0.5538        270.6004        62.6478        353.41
1992        11        6.4392        -2.0221        132.1184        116.8301        354.42
1992        12        1.6921        -7.5054        117.5399        101.0189        355.68
1993        1        0.6992        -8.9576        140.2732        60.9185        357.1
1993        2        -2.4341        -15.7786        262.2337        80.4629        357.42
1993        3        3.7289        -8.2729        310.6027        139.7704        358.59
1993        4        13.5092        0.4278        388.7983        133.812        359.39
1993        5        21.0808        6.205        562.8087        32.1082        360.3
1993        6        24.4871        9.8213        572.3187        80.2061        359.64
1993        7        27.8671        13.5408        555.9626        85.0844        357.46
1993        8        26.8436        13.4177        487.6924        66.3401        355.76
1993        9        20.2506        8.7281        312.0316        115.9408        354.14
1993        10        14.1539        1.1594        260.4389        82.6862        354.23
1993        11        8.4911        -3.5901        158.0036        109.7885        355.53
1993        12        1.1045        -8.4889        130.4762        99.111        357.03
1994        1        -5.2672        -18.0075        151.7337        106.4991        358.36
1994        2        -2.3685        -15.4918        240.154        57.3412        359.04
1994        3        3.9315        -6.5274        306.2645        123.0863        360.11
1994        4        14.1754        0.383        447.2297        87.0194        361.36
1994        5        19.2177        5.0889        506.2309        102.763        361.78
1994        6        25.6775        12.4468        547.8293        89.5006        360.94
1994        7        27.7899        15.654        516.4599        137.7736        359.51
1994        8        24.5092        12.2309        458.8216        130.9926        357.59
1994        9        20.7198        8.4694        349.5111        84.3965        355.86
1994        10        15.8684        1.6379        288.0982        24.5951        356.21
1994        11        11.1014        -0.9666        176.2772        79.5242        357.65
1994        12        4.1402        -6.4715        142.9227        99.3547        359.1
1995        1        1.936        -6.6373        124.7106        81.2411        360.04
1995        2        -0.7726        -13.3774        245.2027        80.0147        361
1995        3        7.7655        -3.9289        330.4839        61.3153        361.98
1995        4        11.2525        -1.4866        465.6984        57.222        363.44
1995        5        18.7598        5.4879        458.6315        49.6942        363.83
1995        6        25.9827        10.9048        598.3603        42.1288        363.33
1995        7        28.3502        15.2784        540.4306        92.1616        361.78
1995        8        27.1636        12.8189        530.7974        74.1211        359.33
1995        9        21.1904        6.9385        392.6319        73.6257        358.32
1995        10        17.8115        4.4659        240.7056        205.9845        358.14
1995        11        5.6658        -3.1972        133.5801        124.7383        359.61
1995        12        -1.5315        -9.9929        124.6304        68.1979        360.82
1996        1        -1.4035        -12.5491        142.2416        151.779        362.2
1996        2        -0.4409        -10.8012        215.271        64.8694        363.36
1996        3        4.1727        -8.2756        363.9224        58.4317        364.28
1996        4        12.4216        0.4756        384.9495        164.6187        364.69
1996        5        18.2907        5.2278        480.8761        117.1787        365.25
1996        6        24.4549        12.8152        495.9083        103.5986        365.06
1996        7        25.2318        13.576        513.5173        204.8206        363.69
1996        8        26.3337        13.526        500.2162        51.7542        361.55
1996        9        21.2907        10.201        316.2917        137.1468        359.69
1996        10        15.0731        2.6775        268.9459        94.9599        359.72
1996        11        5.8697        -3.9103        150.3589        89.8248        361.04
1996        12        3.3458        -4.0736        79.4424        165.2479        362.39
1997        1        -1.0173        -11.2785        150.2621        68.2967        363.24
1997        2        3.0167        -8.1582        234.3953        56.0723        364.21
1997        3        4.2332        -6.657        313.6595        96.2683        364.65
1997        4        11.7313        -1.0213        459.2641        95.382        366.48
1997        5        17.0808        4.5323        470.921        85.9502        366.77
1997        6        25.1396        10.6265        564.1962        34.6999        365.73
1997        7        26.8449        12.6406        595.9603        80.1326        364.46
1997        8        24.982        12.1862        448.2972        121.4268        362.4
1997        9        20.9997        8.4491        366.7647        71.4223        360.44
1997        10        14.6644        1.527        274.216        49.5291        360.98
1997        11        5.9277        -2.9062        135.3615        152.6101        362.65
1997        12        1.6707        -6.9574        126.0925        79.0346        364.51
1998        1        1.5224        -7.3799        131.3113        111.3558        365.39
1998        2        3.4708        -6.9997        229.1523        66.9803        366.1
1998        3        6.9374        -3.9564        293.8043        89.5863        367.36
1998        4        13.9337        0.7566        443.5396        82.0914        368.79
1998        5        21.813        7.8121        505.1152        111.6889        369.56
1998        6        22.5861        11.0483        463.4218        212.1006        369.13
1998        7        26.4626        13.506        538.8824        85.5953        367.98
1998        8        26.5695        13.3544        473.2699        61.5218        366.1
1998        9        22.8053        9.3981        400.4241        61.7778        364.16
1998        10        14.9486        3.5386        241.0613        98.3336        364.54
1998        11        7.7906        -1.1864        168.5973        59.8284        365.67
1998        12        5.0111        -5.4188        132.2047        37.5662        367.3
1999        1        -0.673        -11.7756        123.7103        142.9874        368.35
1999        2        2.186        -9.2676        240.3302        56.6521        369.28
1999        3        5.4253        -5.4513        342.1954        118.8029        369.84
1999        4        13.1359        0.0556        476.3716        25.5087        371.15
1999        5        20.8739        6.2415        549.5462        98.8157        371.12
1999        6        26.4594        11.8696        603.5228        57.8844        370.46
1999        7        28.9103        14.7408        588.2691        67.7315        369.61
1999        8        25.7369        12.5137        489.4153        92.4994        367.06
1999        9        22.8762        10.446        349.5862        202.8292        364.95
1999        10        14.8901        1.5175        273.2977        76.9898        365.52
1999        11        10.6419        0.1601        166.9423        72.5718        366.88
1999        12        3.1756        -6.0151        142.2543        44.7517        368.26
2000        1        -1.475        -12.7368        152.9603        78.291        369.45
2000        2        1.7423        -9.6536        222.2252        77.3294        369.71
2000        3        8.8936        -3.3571        344.5456        91.7952        370.75
2000        4        11.5006        0.2053        355.1532        120.4399        371.98
2000        5        19.8809        6.1741        472.7414        124.0379        371.75
2000        6        23.6247        10.8244        492.7831        183.6036        371.87
2000        7        24.5005        11.8733        484.3394        159.9447        370.02
2000        8        24.5922        12.385        452.0639        107.952        368.27
2000        9        21.0071        7.6856        397.748        85.1281        367.15
2000        10        15.4648        2.5113        262.0119        55.7345        367.18
2000        11        7.1343        -1.9017        157.4571        69.4914        368.53
2000        12        -1.4811        -10.9137        140.2255        127.7476        369.83
2001        1        -0.6714        -11.7893        149.8488        44.0642        370.76
2001        2        0.8327        -10.6364        233.1808        68.8177        371.69
2001        3        2.3613        -6.7363        304.6505        155.041        372.63
2001        4        13.5159        -0.1931        491.9653        33.1286        373.55
2001        5        20.6277        6.2035        507.7958        75.8786        374.03
2001        6        25.3448        11.7771        565.3065        141.0679        373.4
2001        7        25.1715        11.4789        573.4815        85.7196        371.68
2001        8        27.8811        14.2814        503.1798        58.4624        369.78
2001        9        22.1186        8.2733        405.5614        95.6849        368.34
2001        10        16.8658        2.7884        288.2634        24.4171        368.61
2001        11        11.4348        -0.0918        172.1701        43.1502        369.94
2001        12        4.7077        -4.191        133.1994        70.8954        371.42
2002        1        2.739        -6.8873        136.1142        50.9558        372.7
2002        2        3.9817        -8.7768        250.4085        59.1441        373.37
2002        3        6.3333        -5.0895        315.2707        91.8779        374.3
2002        4        13.9116        1.3029        432.4382        94.5852        375.19
2002        5        18.1298        4.663        510.9605        127.8493        375.93
2002        6        23.9661        10.2605        532.8741        150.1006        375.69
2002        7        27.8064        14.0906        599.8878        43.582        374.16
2002        8        27.8849        13.9672        522.4543        86.9827        372.03
2002        9        23.7467        10.2482        397.7686        96.8705        370.92
2002        10        13.3386        2.2051        227.0069        100.0195        370.73
2002        11        6.6981        -2.1726        135.2573        136.2041        372.43
2002        12        0.5989        -8.285        136.3782        108.8541        373.98
2003        1        -4.5628        -14.8011        173.8845        74.5021        375.07
2003        2        -2.634        -13.3697        226.9168        74.8797        375.82
2003        3        5.845        -7.2733        333.3226        67.4657        376.64
2003        4        10.8936        -1.1079        419.1128        68.4305        377.92
2003        5        17.6962        5.3421        433.2452        122.1678        378.78
2003        6        22.7286        10.6132        497.7543        114.7431        378.46
2003        7        26.7622        13.8397        528.7134        98.426        376.88
2003        8        26.6234        14.6796        428.4602        151.2244        374.57
2003        9        21.825        9.8028        330.5809        169.8078        373.34
2003        10        14.3533        1.6188        241.9003        120.1621        373.31
2003        11        9.7439        -0.6978        149.8746        110.4022        374.84
2003        12        2.2376        -7.2569        124.1991        161.8147        376.17
2004        1        -5.9631        -15.5899        161.0558        38.3524        377.17
2004        2        0.7766        -11.2292        276.7711        44.5236        378.05
2004        3        6.108        -4.367        326.6231        50.5581        379.06
2004        4        13.2964        0.6981        437.2433        109.4563        380.54
2004        5        20.9611        7.1236        497.9026        125.8065        380.8
2004        6        23.5002        9.8096        585.0873        65.1641        379.87
2004        7        25.1965        13.5849        470.9985        147.4508        377.65
2004        8        25.0156        13.0652        429.2926        162.257        376.17
2004        9        22.0962        9.6501        369.4091        170.2839        374.43
2004        10        14.568        2.9726        263.3976        46.3418        374.63
2004        11        8.7917        -2.1929        159.9716        86.3592        376.33
2004        12        1.7675        -8.3712        123.7564        104.0957        377.68
2005        1        -2.5177        -13.034        146.7061        111.3504        378.63
2005        2        0.9405        -10.6809        252.2384        55.1725        379.91
2005        3        3.0936        -7.9381        360.6843        101.7283        380.95
2005        4        14.9625        0.478        469.8429        101.7832        382.48
2005        5        16.6563        4.1302        471.4701        55.3147        382.64
2005        6        26.4423        12.8207        540.001        126.3557        382.4
2005        7        27.271        14.5206        538.8067        101.6807        380.93
2005        8        27.8367        14.9231        462.1608        74.8603        378.93
2005        9        24.3055        10.3245        405.3498        56.9198        376.89
2005        10        15.1403        4.5683        189.6831        204.2249        377.19
2005        11        10.1308        -1.6807        163.7865        138.7888        378.54
2005        12        -0.0754        -8.6532        134.6409        96.6273        380.31
2006        1        3.6635        -7.1959        132.8605        131.3152        381.58
2006        2        1.1157        -10.2896        253.1337        48.8107        382.4
2006        3        6.001        -5.8612        379.5114        27.3881        382.86
2006        4        14.6785        0.6495        462.2831        109.7761        384.8
2006        5        19.126        6.794        435.5143        148.4085        385.22
2006        6        23.5013        12.3433        423.4178        225.2166        384.24
2006        7        28.0418        15.3066        541.8971        93.7682        382.65
2006        8        25.6172        12.8701        483.0244        107.9304        380.6
2006        9        20.7997        8.7332        326.4505        95.8926        379.04
2006        10        14.8849        2.4298        240.5856        141.6608        379.33
2006        11        10.8819        1.0678        138.7539        109.9588        380.35
2006        12        5.6319        -4.0182        125.7182        66.0314        382.02
2007        1        1.4042        -8.9976        148.7859        73.2029        383.1
2007        2        -2.9061        -13.781        265.8563        62.721        384.12
2007        3        5.5469        -6.8471        367.0618        100.661        384.81
2007        4        10.9897        -0.4103        376.8082        149.1953        386.73
2007        5        21.7911        6.5958        586.2381        70.684        386.78
2007        6        25.0607        11.352        589.5261        87.259        386.33
2007        7        26.3881        13.4177        544.7331        120.2861        384.73
2007        8        26.6534        13.1024        510.0029        58.3085        382.24
2007        9        23.9233        9.694        426.1639        62.5364        381.2
2007        10        18.719        6.1896        245.1217        127.5088        381.37
2007        11        7.4723        -2.8596        154.0734        94.5174        382.7
2007        12        0.6595        -7.9416        104.6734        126.1231        384.19
2008        1        1.4249        -9.389        155.43        46.1871        385.78
2008        2        0.667        -10.1177        193.8023        187.582        386.06
2008        3        4.6701        -6.1845        330.8055        146.0781        386.28
2008        4        15.2187        1.3073        491.8912        82.2347        387.34
2008        5        19.0023        4.6504        533.9457        45.8695        388.78
2008        6        25.57        12.6833        527.4938        150.6488        387.99
2008        7        27.4539        14.9837        526.2233        161.5877        386.6
2008        8        24.8318        12.0505        491.7299        93.7923        384.32
2008        9        21.9416        9.9101        365.699        134.1848        383.41
2008        10        14.7591        1.6369        272.4241        97.2945        383.21
2008        11        7.4446        -1.7683        153.7339        67.5763        384.41
2008        12        2.4054        -7.8892        103.3298        179.252        385.79
2009        1        -3.5894        -14.3915        175.0368        71.4954        387.17
2009        2        1.6333        -10.328        249.5701        35.9936        387.7
2009        3        5.8296        -5.8362        354.8381        68.2857        389.04
2009        4        14.4247        1.0894        447.3061        61.4886        389.76
2009        5        19.6195        6.2125        477.5187        111.7013        390.36
2009        6        21.8384        10.6746        455.721        156.7586        389.7
2009        7        24.3076        12.5086        496.9403        205.731        388.25
2009        8        26.2852        13.9921        464.2058        134.4351        386.29
2009        9        20.8567        7.8217        387.3295        44.1387        384.95
2009        10        13.3993        2.1521        209.1904        112.0121        384.64
2009        11        10.6496        0.4459        155.4081        66.1598        386.23
2009        12        0.7944        -7.6724        127.5747        102.8514        387.63
2010        1        -0.8726        -10.188        155.7401        55.3779        388.91
2010        2        0.5281        -8.5129        210.5635        120.944        390.41
2010        3        8.9859        -2.0957        297.2199        130.3007        391.37
2010        4        16.6201        1.9075        474.903        42.9702        392.67
2010        5        22.5163        7.6912        555.879        61.0529        393.21
2010        6        25.0687        12.3402        518.7651        115.2278        392.38
2010        7        29.2247        15.6414        571.0141        83.6691        390.41
2010        8        26.9738        13.9106        464.1575        83.017        388.54
2010        9        23.2567        10.6903        372.8775        52.3375        387.03
2010        10        15.5081        3.3953        245.8237        179.8423        387.43
2010        11        8.4375        -1.6191        162.7063        82.2754        388.87
2010        12        -0.1863        -8.66        127.8584        105.2955        389.99
2011        1        -2.7101        -12.4651        156.1672        71.3521        391.5
2011        2        0.6615        -12.1494        223.2729        111.1287        392.05
2011        3        5.1699        -5.5621        327.0363        98.6039        392.8
2011        4        13.284        1.6722        392.7638        132.9108        393.44
2011        5        20.6491        8.2933        439.9285        144.6955        394.41
2011        6        24.2106        11.4699        533.0383        126.824        393.95
2011        7        28.7475        15.0342        593.0203        72.7438        392.72
2011        8        26.2154        13.8007        437.6702        236.7966        390.33
2011        9        22.8074        11.4869        320.3472        166.8773        389.28
2011        10        15.7076        4.3732        226.1013        128.4092        389.19
2011        11        11.7858        0.0248        177.6036        73.5631        390.48
2011        12        5.1664        -5.0089        133.7188        100.4952        392.06
2012        1        2.1273        -8.6707        156.8575        65.8541        393.31
2012        2        4.1607        -7.4345        240.7164        31.6481        394.04
2012        3        11.1808        -1.0308        350.8048        36.1214        394.59
2012        4        14.9257        1.3305        507.0375        82.8294        396.38
2012        5        21.5271        9.1204        462.4561        140.2498        396.93
2012        6        24.1902        11.5144        568.5644        120.3704        395.91
2012        7        28.5272        15.0896        580.5367        116.5538        394.56
2012        8        27.5801        14.1521        502.8619        107.4067        392.59
2012        9        21.8175        9.3974        378.2297        121.4531        391.32
2012        10        16.2976        5.2192        195.3348        85.8754        391.27
2012        11        7.066        -2.9442        182.6152        35.9227        393.2
2012        12        3.7197        -4.6193        101.4782        129.3256        394.57
2013        1        0.7106        -10.2239        161.1971        42.3654        395.78
2013        2        0.0813        -9.6461        215.9237        83.3701        397.03
2013        3        4.5616        -5.3959        325.2005        64.3519        397.66
2013        4        13.2813        0.1755        492.3566        58.3161        398.64
2013        5        21.1039        6.5225        523.9765        132.4028        400.02
2013        6        24.7207        11.9602        503.4619        259.5872        398.81
2013        7        28.281        16.362        492.9358        132.4756        397.51
2013        8        25.6961        12.6661        471.8559        77.0032        395.39
2013        9        21.8379        8.075        415.9211        105.5212        393.72
2013        10        16.6031        3.7832        260.1388        41.1493        393.9
2013        11        7.3676        -3.4374        178.0381        69.6579        395.36
2013        12        1.1628        -8.1924        102.9616        107.6089        397.03
2014        1        -2.004        -13.0633        153.7178        74.2934        398.04
2014        2        -1.2852        -12.6062        234.1831        103.9934        398.27
2014        3        2.3509        -9.357        355.7951        87.2724        399.91
2014        4        13.3233        -0.1231        472.5472        97.09        401.51
2014        5        20.5571        7.1968        500.7048        94.6279        401.96
2014        6        25.1924        11.7186        568.4937        110.6169        401.43
2014        7        27.045        14.3363        560.9055        159.7897        399.38
2014        8        25.4022        12.43        474.522        89.0619        397.32
2014        9        22.9486        9.2434        400.076        29.2664        395.64
2014        10        16.3616        5.2823        218.3511        117.0684        396.29
2014        11        7.3374        -2.6783        160.5012        95.9739        397.55
2014        12        2.9864        -4.4672        103.6031        147.5525        399.15
2015        1        -2.2486        -13.4141        158.376        76.6076        400.18
2015        2        -5.4832        -18.5312        247.4272        69.6976        400.55
2015        3        2.7046        -8.5465        342.1174        55.2078        401.74
2015        4        13.3322        0.472        443.3492        69.9961        403.35
2015        5        24.0972        8.2363        591.0253        40.8833        404.15
2015        6        23.4696        11.0419        519.2333        183.2373        402.97
2015        7        27.5942        14.435        577.5553        88.9072        401.46
2015        8        27.7806        14.3882        505.3873        95.2298        399.11
2015        9        25.1929        11.2024        406.7467        135.0267        397.82
2015        10        15.3042        2.5412        264.0549        78.39        398.49
2015        11        11.6134        0.2759        173.9004        52.0583        400.27
2015        12        7.7763        -1.1886        100.0063        118.6407        402.06
2016-2150        1        1.2983        -9.6582        164.6875        38.7665        402.73
2016-2150        2        2.8163        -8.8574        214.4495        111.1657        404.25
2016-2150        3        8.7795        -2.5654        346.3481        65.2047        405.06
2016-2150        4        12.7102        -0.0115        495.8726        84.3246        407.6
2016-2150        5        20.1771        6.3196        490.3093        78.9574        407.9
2016-2150        6        24.7557        11.2921        628.1334        62.3129        406.99
2016-2150        7        28.0119        14.7457        579.8468        138.9811        404.59
2016-2150        8        28.1746        15.2367        501.0107        142.2952        402.45
2016-2150        9        23.7266        10.974        407.1663        72.6099        401.23
2016-2150        10        16.5838        3.882        238.5765        88.2059        401.79
2016-2150        11        9.394        -0.5923        158.9292        76.9195        403.72
2016-2150        12        2.548        -7.064        122.5804        82.1252        404.64
